107 0.4596994535519126
58 0.3974018305284913
428 0.3948371956585509
563 0.39391278899619553
1684 0.39360561458231796
171 0.37049270575282134
348 0.3699157200439721
483 0.36984795750137384
414 0.3695433330282786
376 0.36655773420479304
475 0.3661920740001814
566 0.36496746203904556
1666 0.3647037572254335
1534 0.36460496613995486
484 0.3631621548700423
353 0.36309684380901
1171 0.3624450228884301
651 0.362282433159878
420 0.36101922217255256
1085 0.3578518255937611
1687 0.35725028753428295
1577 0.35718708536046
1718 0.35665076841547433
1165 0.3564933345104618
1136 0.3563045971940351
1465 0.35461491174145954
0 0.35334266713335666
1912 0.35094733182687293
580 0.34503973340169186
1505 0.34275528393175453
1405 0.3424936386768448
1656 0.3420294765373539
990 0.34188468376936754
1642 0.3418557399254995
1758 0.34182680098196905
1419 0.34174001354096145
1450 0.3417110941863417
1726 0.34165327015821984
517 0.34122021294574956
366 0.3409896976862017
606 0.3408745568124262
526 0.3408457837427197
641 0.33992760333361394
1663 0.33918521629567405
1352 0.3391567277003191
1173 0.33892899110290414
1420 0.33870156014091596
601 0.33861635220125785
1835 0.33841770030170965
1361 0.3383042895442359
1376 0.3382192813468465
1126 0.33813431585998993
1621 0.3378796753409756
1536 0.33779488037476996
1358 0.33776662484316183
1013 0.3376536499707333
1029 0.3375125376128385
1574 0.3375125376128385
925 0.3372588323728389
1320 0.3372025052192067
1522 0.33694926568758343
1545 0.33694926568758343
1237 0.3369211514392991
1688 0.3368930418821959
1179 0.336808741346234
1692 0.336808741346234
1509 0.3367806505421184
1374 0.33675256442331747
916 0.33669640623697156
1074 0.33661220406802267
1313 0.336528044003667
930 0.33644392601233125
1334 0.33644392601233125
1289 0.33635985006247393
1098 0.3363318340829585
1300 0.3363318340829585
1549 0.33627581612258495
1593 0.33627581612258495
1070 0.33616383616383616
1317 0.33616383616383616
1425 0.3359400998336106
1555 0.3359400998336106
1617 0.33585627547201197
1512 0.33582834331337325
1193 0.3358004158004158
1360 0.3358004158004158
1825 0.33574457470690944
1806 0.3357166611240439
1511 0.33566084788029926
1778 0.33566084788029926
1740 0.33560505319148937
1553 0.33557716280229366
1590 0.33557716280229366
921 0.33554927704836296
1777 0.33554927704836296
1274 0.33552139592854174
1217 0.335493519441675
1114 0.33546564758660796
1567 0.33546564758660796
1369 0.3354377803621864
1307 0.3354099177672564
1408 0.3354099177672564
1866 0.3354099177672564
1446 0.33538205980066443
1702 0.33538205980066443
1312 0.33535420646125735
1705 0.3352985136593872
1494 0.3352706741946197
1847 0.3352706741946197
1178 0.3352428393524284
1338 0.3352428393524284
1803 0.3352428393524284
1421 0.33521500913166197
1588 0.33518718353116955
1210 0.3351593625498008
1410 0.3351315461864055
1187 0.33510373443983404
1328 0.33510373443983404
1540 0.33510373443983404
1537 0.33507592730893704
1719 0.33507592730893704
1077 0.3350481247925655
1182 0.3350481247925655
1618 0.3349647449191207
1088 0.3349369608493696
1109 0.3349369608493696
1483 0.3349369608493696
1518 0.3349369608493696
1226 0.3348814065350804
962 0.33474260134294953
1513 0.3345761869251802
1523 0.334520752216055
915 0.3344653358734366
1028 0.3344653358734366
1782 0.3344653358734366
1485 0.33443763458671527
1327 0.3342438539855972
1846 0.3341885293387404
1808 0.33416087388282023
1745 0.3341332230037236
1863 0.33396741377884376
1909 0.33391218060034733
1911 0.3338569656883009
1626 0.3336362885235066
1440 0.33355360978027426
1883 0.33355360978027426
1458 0.33352605930453455
1852 0.33349851337958375
951 0.3334434351775392
1196 0.3333333333333333
1780 0.3333333333333333
1769 0.3333058192323566
1836 0.3333058192323566
908 0.3331683168316832
1197 0.33303092783505156
1817 0.33303092783505156
1697 0.33283877349159247
567 0.32888092523212253
363 0.3270430063983154
637 0.32564516129032256
538 0.3231951336641588
596 0.32278177458033575
1086 0.322240842710079
1800 0.32159923542529467
389 0.3215480172001911
1025 0.32134330733725924
1584 0.3212921705919796
1888 0.3212921705919796
1730 0.32111332007952287
1768 0.32067979669631513
1431 0.3204253293128075
1199 0.3203490678302261
629 0.32032365540218943
649 0.32032365540218943
917 0.3202982470056318
1377 0.3201966537150107
1612 0.32014588123364784
1589 0.3200443845605136
1078 0.3200190204469805
1746 0.31996830427892237
896 0.3199429522224863
1827 0.3199429522224863
1813 0.3199176041831722
1277 0.31989226016002537
1487 0.3198669201520912
1238 0.3198162521780453
1622 0.3198162521780453
1804 0.31979092421002614
1390 0.3197402803072294
1604 0.3197149643705463
1645 0.3197149643705463
1616 0.3196896524424036
1833 0.3196896524424036
1620 0.3196643445218493
1783 0.3196643445218493
1844 0.31963904060793163
1367 0.319588444796201
1714 0.319588444796201
1559 0.31956315289648624
946 0.31953786499960435
1427 0.31953786499960435
1707 0.31953786499960435
1104 0.3195125811046052
1882 0.3194873012105388
1204 0.3194620253164557
1613 0.3194620253164557
1122 0.31943675342140654
1598 0.3194114855244423
1610 0.3193862216246144
1399 0.3193609617209744
1329 0.3193104538984659
993 0.3192852059777022
1391 0.3192852059777022
1767 0.3192852059777022
1673 0.3192599620493359
1155 0.31923472211241993
1211 0.31923472211241993
1192 0.3192094861660079
1557 0.3192094861660079
1128 0.3191842542091534
1551 0.3191842542091534
1471 0.3191338022603335
1014 0.319108582266477
1080 0.3190833662583959
1786 0.3190581542351454
1059 0.319032946195781
1839 0.319032946195781
1032 0.31893215385830503
1357 0.31893215385830503
1514 0.31893215385830503
1554 0.3189069657242142
1897 0.3189069657242142
1332 0.31888178156834873
1516 0.31888178156834873
1184 0.3188566013897663
1250 0.3188566013897663
1435 0.3188566013897663
1871 0.31883142518752466
1095 0.31880625296068216
1185 0.31880625296068216
1736 0.31880625296068216
1146 0.31878108470829714
1475 0.31875592042942846
953 0.3187307601231352
1893 0.3187307601231352
936 0.31870560378847673
1791 0.31870560378847673
1799 0.31870560378847673
1148 0.3186804514245127
1175 0.3186804514245127
1515 0.3186804514245127
1879 0.31865530303030304
1017 0.31863015860490806
1473 0.31863015860490806
1661 0.31863015860490806
1729 0.31863015860490806
1742 0.31860501814738834
1899 0.31860501814738834
1630 0.31857988165680473
1331 0.3185547491322184
1662 0.3185547491322184
1349 0.3185296205726907
1603 0.3185296205726907
1793 0.3185296205726907
1255 0.31847937534505877
1467 0.31847937534505877
1680 0.31847937534505877
1006 0.31845425867507887
1076 0.31845425867507887
1132 0.31845425867507887
1222 0.31845425867507887
1343 0.31845425867507887
1373 0.31845425867507887
1447 0.31845425867507887
1107 0.3184291459664064
1113 0.3184291459664064
1611 0.3184291459664064
1153 0.318378932429236
1677 0.318378932429236
1717 0.318378932429236
1600 0.3183538315988647
1828 0.3183538315988647
1066 0.3183287347260544
1261 0.3183287347260544
1282 0.3183287347260544
1565 0.3183287347260544
1669 0.3183287347260544
1694 0.3183287347260544
1495 0.31830364180986914
1820 0.31830364180986914
1075 0.3182785528493734
1158 0.3182785528493734
1256 0.3182785528493734
1273 0.3182785528493734
1488 0.3182785528493734
1720 0.3182785528493734
942 0.3182534678436318
1001 0.3182534678436318
1160 0.3182033096926714
1235 0.3182033096926714
1416 0.3182033096926714
1456 0.3182033096926714
1543 0.3182033096926714
1881 0.3182033096926714
1894 0.3182033096926714
1191 0.31817823654558347
1744 0.31817823654558347
1757 0.31817823654558347
1816 0.31817823654558347
1124 0.3181531673495115
1318 0.3181531673495115
1790 0.3181531673495115
1902 0.3181531673495115
1284 0.31812810210352166
1878 0.31812810210352166
980 0.31810304080668034
1335 0.31810304080668034
1679 0.31810304080668034
1864 0.31810304080668034
1020 0.3180779834580544
1665 0.3180779834580544
1823 0.3180779834580544
1824 0.3180779834580544
967 0.31805293005671076
976 0.31805293005671076
1012 0.31805293005671076
1018 0.31805293005671076
1166 0.31805293005671076
1269 0.31805293005671076
1750 0.31805293005671076
1794 0.31805293005671076
1099 0.31802788060171694
1230 0.31802788060171694
1491 0.31802788060171694
1606 0.31802788060171694
954 0.3180028350921405
968 0.3180028350921405
1570 0.3180028350921405
1689 0.3180028350921405
948 0.31797779352704936
1079 0.31797779352704936
1101 0.31797779352704936
1341 0.31797779352704936
1396 0.31797779352704936
1683 0.31797779352704936
1763 0.31797779352704936
1867 0.31797779352704936
1117 0.3179527559055118
1330 0.3179527559055118
1547 0.3179527559055118
1668 0.3179527559055118
1454 0.3179277222265963
1761 0.3179277222265963
1868 0.3179277222265963
1004 0.31790269248937175
1102 0.31790269248937175
1267 0.31790269248937175
1861 0.31790269248937175
1400 0.3178776666929072
1751 0.3178776666929072
1842 0.3178776666929072
1849 0.3178776666929072
1637 0.31785264483627207
1049 0.317827626918536
1125 0.317827626918536
1142 0.317827626918536
1303 0.317827626918536
1520 0.317827626918536
1608 0.317827626918536
1675 0.317827626918536
1732 0.317827626918536
1528 0.3178026129387691
1766 0.3178026129387691
947 0.31777760289604157
966 0.31777760289604157
1324 0.31777760289604157
1695 0.31777760289604157
1721 0.31777760289604157
1752 0.31777760289604157
1870 0.31777760289604157
1048 0.31775259678942397
1214 0.31775259678942397
1242 0.31775259678942397
1305 0.31775259678942397
1345 0.31775259678942397
1480 0.31775259678942397
1595 0.31775259678942397
1619 0.31775259678942397
1172 0.3177275946179873
1291 0.3177275946179873
1429 0.3177275946179873
1573 0.3177275946179873
1609 0.3177275946179873
1809 0.3177275946179873
1812 0.3177275946179873
1108 0.3177025963808025
1243 0.3177025963808025
1309 0.3177025963808025
1344 0.3177025963808025
1370 0.3177025963808025
1563 0.3177025963808025
1597 0.3177025963808025
984 0.31767760207694123
1459 0.31767760207694123
1706 0.31767760207694123
1281 0.31765261170547515
1382 0.31765261170547515
1582 0.31765261170547515
1245 0.3176276252654763
1472 0.3176276252654763
1529 0.3176276252654763
1735 0.3176276252654763
1110 0.317602642756017
1290 0.317602642756017
1302 0.3175776641761699
1322 0.3175776641761699
1397 0.3175776641761699
1479 0.3175776641761699
1682 0.3175776641761699
1083 0.31755268952500787
1392 0.31755268952500787
1409 0.31755268952500787
1530 0.3175277188016042
1628 0.3175277188016042
1712 0.3175277188016042
1848 0.3175277188016042
1886 0.3175277188016042
978 0.31750275200503225
1741 0.31750275200503225
960 0.3174777891343659
1272 0.3174777891343659
1638 0.3174777891343659
1789 0.3174777891343659
1149 0.31745283018867926
1205 0.31745283018867926
1508 0.31745283018867926
1810 0.31745283018867926
1826 0.31745283018867926
1464 0.3174278751670466
1801 0.3174278751670466
1845 0.3174278751670466
1898 0.3174278751670466
1163 0.3174029240685427
1339 0.3174029240685427
1406 0.3174029240685427
1623 0.3174029240685427
1643 0.3174029240685427
906 0.3173779768922424
1067 0.3173779768922424
1156 0.3173779768922424
1850 0.3173779768922424
1907 0.3173779768922424
919 0.317353033637221
1674 0.317353033637221
1209 0.31732809430255404
1583 0.31732809430255404
1639 0.31732809430255404
1875 0.31732809430255404
997 0.3173031588873173
1271 0.3173031588873173
1625 0.3173031588873173
1003 0.317278227390587
1591 0.317278227390587
927 0.31725329981143935
933 0.31725329981143935
1294 0.31725329981143935
905 0.3172283761489512
1660 0.3172283761489512
1685 0.3172283761489512
1223 0.31720345640219955
1288 0.31720345640219955
1773 0.31720345640219955
1671 0.31717854057026157
1449 0.3171536286522149
1605 0.3171536286522149
1614 0.3171536286522149
1644 0.3171536286522149
1181 0.3171287206471374
1490 0.3171287206471374
1795 0.3171287206471374
913 0.31710381655410713
957 0.31710381655410713
1709 0.31710381655410713
1819 0.31710381655410713
1631 0.3170789163722026
1024 0.3170291277380859
1380 0.3170291277380859
1765 0.3170291277380859
952 0.31700423928403204
1227 0.31700423928403204
1359 0.31700423928403204
1388 0.31700423928403204
1423 0.31700423928403204
1462 0.31700423928403204
1198 0.3169793547374205
1231 0.3169793547374205
1576 0.3169793547374205
1580 0.3169793547374205
1716 0.3169793547374205
934 0.31695447409733124
1052 0.31695447409733124
1492 0.31695447409733124
1659 0.31695447409733124
1753 0.31695447409733124
1652 0.3169295973628444
1026 0.31690472453304036
1189 0.31690472453304036
1506 0.31690472453304036
1699 0.31690472453304036
1724 0.31690472453304036
1539 0.31687985560699994
1632 0.31687985560699994
1737 0.31687985560699994
1754 0.3168549905838042
999 0.31683012946253436
1129 0.31683012946253436
1323 0.31683012946253436
1596 0.31683012946253436
1636 0.31683012946253436
1275 0.3168052722422721
1280 0.3168052722422721
1448 0.3168052722422721
1469 0.3168052722422721
1654 0.3168052722422721
995 0.31678041892209935
1019 0.31678041892209935
1054 0.31678041892209935
1060 0.31678041892209935
1876 0.31678041892209935
1347 0.31675556950109823
1375 0.31675556950109823
1393 0.31675556950109823
1402 0.31675556950109823
1428 0.31675556950109823
1455 0.31675556950109823
1653 0.31675556950109823
1647 0.3167307239783513
1857 0.3167307239783513
1207 0.31670588235294117
1538 0.31670588235294117
1885 0.31670588235294117
1123 0.3166810446239511
1221 0.3166810446239511
1268 0.3166810446239511
1298 0.3166810446239511
1460 0.3166810446239511
1470 0.3166810446239511
1796 0.3166810446239511
1891 0.3166810446239511
1444 0.31665621079046424
1502 0.31665621079046424
1703 0.31665621079046424
982 0.31660655480633526
1135 0.31660655480633526
1519 0.31660655480633526
1040 0.31658173265386125
1041 0.31658173265386125
1351 0.31658173265386125
1496 0.31658173265386125
1872 0.31658173265386125
897 0.31655691439322675
1130 0.31655691439322675
1259 0.31655691439322675
1287 0.31655691439322675
1311 0.31655691439322675
1366 0.31655691439322675
1770 0.31655691439322675
1047 0.3165321000235165
1056 0.3165321000235165
1715 0.3165321000235165
1100 0.3165072895438157
1229 0.3165072895438157
1426 0.3165072895438157
1535 0.3165072895438157
1877 0.3165072895438157
932 0.3164824829532095
1340 0.3164824829532095
1371 0.3164824829532095
1811 0.3164824829532095
1859 0.3164824829532095
983 0.3164576802507837
1437 0.3164576802507837
1457 0.3164576802507837
1021 0.3164328814356242
1159 0.3164328814356242
1772 0.3164328814356242
1851 0.3164328814356242
1215 0.3164080865068171
1413 0.3164080865068171
1436 0.3164080865068171
1571 0.3164080865068171
1691 0.3164080865068171
1578 0.31638329546344907
1011 0.3163585083046067
1036 0.3163585083046067
1201 0.3163585083046067
1407 0.3163585083046067
1422 0.3163585083046067
1504 0.3163585083046067
1526 0.3163585083046067
1009 0.31633372502937723
1082 0.31633372502937723
1278 0.31633372502937723
1283 0.31633372502937723
1525 0.31633372502937723
1548 0.31633372502937723
1658 0.31633372502937723
1037 0.3163089456368479
1348 0.3163089456368479
1507 0.3163089456368479
1655 0.3163089456368479
1722 0.3163089456368479
1010 0.3162841701261064
1257 0.3162841701261064
1285 0.3162841701261064
1292 0.3162841701261064
1336 0.3162841701261064
1432 0.3162841701261064
1542 0.3162841701261064
1561 0.3162841701261064
941 0.31625939849624063
975 0.31625939849624063
1112 0.31625939849624063
1219 0.31625939849624063
1862 0.31625939849624063
973 0.3162346307463388
1140 0.3162346307463388
1183 0.3162346307463388
1587 0.3162346307463388
963 0.31620986687548946
1265 0.31620986687548946
1743 0.31620986687548946
1120 0.31618510688278134
1379 0.31618510688278134
1725 0.31618510688278134
1727 0.31618510688278134
1807 0.31618510688278134
1855 0.31618510688278134
991 0.3161603507673035
1092 0.3161603507673035
1404 0.3161603507673035
1068 0.3161355985281453
1195 0.3161355985281453
1415 0.3161355985281453
1482 0.3161355985281453
1723 0.3161355985281453
1734 0.3161355985281453
1841 0.3161355985281453
1853 0.3161355985281453
1293 0.31611085016439644
1569 0.31611085016439644
981 0.3160861056751468
902 0.31606136505948657
959 0.31606136505948657
1051 0.31606136505948657
1389 0.31606136505948657
1832 0.31606136505948657
1843 0.31606136505948657
924 0.31603662831650625
1169 0.31603662831650625
1180 0.31603662831650625
1314 0.31603662831650625
1738 0.31603662831650625
1787 0.31603662831650625
1837 0.31603662831650625
1279 0.3160118954452966
1296 0.3160118954452966
1315 0.3160118954452966
1398 0.3160118954452966
1552 0.3160118954452966
1681 0.3160118954452966
1121 0.31598716644494873
1236 0.31598716644494873
1572 0.31598716644494873
949 0.31596244131455403
1258 0.31596244131455403
1365 0.31596244131455403
1384 0.31596244131455403
1477 0.31596244131455403
1533 0.31596244131455403
1701 0.31596244131455403
1831 0.31596244131455403
931 0.315937720053204
988 0.315937720053204
1524 0.315937720053204
1678 0.315937720053204
1779 0.315937720053204
1858 0.315937720053204
1873 0.315937720053204
1774 0.3159130026599906
1830 0.3159130026599906
1903 0.3159130026599906
1190 0.31588828913400613
1412 0.31588828913400613
1532 0.31588828913400613
898 0.31586357947434296
923 0.31586357947434296
961 0.31586357947434296
1260 0.31586357947434296
1304 0.31586357947434296
1461 0.31586357947434296
1550 0.31586357947434296
1634 0.31586357947434296
1650 0.31586357947434296
1733 0.31586357947434296
944 0.3158388736800939
1143 0.3158388736800939
1355 0.3158388736800939
1895 0.3158388736800939
1901 0.3158388736800939
1015 0.315814171750352
1097 0.315814171750352
1115 0.315814171750352
1170 0.315814171750352
1216 0.315814171750352
1337 0.315814171750352
1517 0.315814171750352
1710 0.315814171750352
1860 0.315814171750352
989 0.31578947368421056
1118 0.31578947368421056
1246 0.31578947368421056
1624 0.31578947368421056
1649 0.31578947368421056
1686 0.31578947368421056
901 0.31576477948076326
903 0.31576477948076326
971 0.31576477948076326
1385 0.31576477948076326
1438 0.31576477948076326
1445 0.31576477948076326
1452 0.31576477948076326
1544 0.31576477948076326
1585 0.31576477948076326
1635 0.31576477948076326
1798 0.31576477948076326
1008 0.31574008913910395
1333 0.31574008913910395
1350 0.31574008913910395
1541 0.31574008913910395
969 0.3157154026583268
1087 0.3157154026583268
1131 0.3157154026583268
1188 0.3157154026583268
1316 0.3157154026583268
1378 0.3157154026583268
1601 0.3157154026583268
1728 0.3157154026583268
1880 0.3157154026583268
1884 0.3157154026583268
992 0.3156907200375264
1299 0.3156907200375264
1451 0.3156907200375264
1468 0.3156907200375264
1910 0.3156907200375264
922 0.3156660412757974
929 0.3156660412757974
1081 0.3156660412757974
1225 0.3156660412757974
1387 0.3156660412757974
1441 0.3156660412757974
1564 0.3156660412757974
1785 0.3156660412757974
1818 0.3156660412757974
1904 0.3156660412757974
938 0.31564136637223483
996 0.31564136637223483
1116 0.31564136637223483
1137 0.31564136637223483
1161 0.31564136637223483
1232 0.31564136637223483
1434 0.31564136637223483
1497 0.31564136637223483
1500 0.31564136637223483
1568 0.31564136637223483
1044 0.31561669532593406
1055 0.31561669532593406
1167 0.31561669532593406
1453 0.31561669532593406
1503 0.31561669532593406
994 0.31559202813599063
1039 0.31559202813599063
1064 0.31559202813599063
1106 0.31559202813599063
1164 0.31559202813599063
1266 0.31559202813599063
1310 0.31559202813599063
1319 0.31559202813599063
1381 0.31559202813599063
1667 0.31559202813599063
1821 0.31559202813599063
964 0.3155673648015005
977 0.3155673648015005
1035 0.3155673648015005
1072 0.3155673648015005
1212 0.3155673648015005
1306 0.3155673648015005
1493 0.3155673648015005
1527 0.3155673648015005
1781 0.3155673648015005
1822 0.3155673648015005
1900 0.3155673648015005
1908 0.3155673648015005
1103 0.31554270532155976
1321 0.31554270532155976
1556 0.31554270532155976
1592 0.31554270532155976
1648 0.31554270532155976
1670 0.31554270532155976
1672 0.31554270532155976
1704 0.31554270532155976
1764 0.31554270532155976
958 0.3155180496952649
1139 0.3155180496952649
1150 0.3155180496952649
1247 0.3155180496952649
1615 0.3155180496952649
1815 0.3155180496952649
1058 0.31549339792171266
1228 0.31549339792171266
1286 0.31549339792171266
1433 0.31549339792171266
1633 0.31549339792171266
1792 0.31549339792171266
1062 0.31546875
1063 0.31546875
1484 0.31546875
1489 0.31546875
1531 0.31546875
1594 0.31546875
1629 0.31546875
1747 0.31546875
1805 0.31546875
1906 0.31546875
926 0.3154441059292243
972 0.3154441059292243
1022 0.3154441059292243
1069 0.3154441059292243
1127 0.3154441059292243
1144 0.3154441059292243
1240 0.3154441059292243
1363 0.3154441059292243
1418 0.3154441059292243
1439 0.3154441059292243
1091 0.31541946570848306
1213 0.31541946570848306
1241 0.31541946570848306
1308 0.31541946570848306
1356 0.31541946570848306
1566 0.31541946570848306
1575 0.31541946570848306
1771 0.31541946570848306
1233 0.3153948293368742
1297 0.3153948293368742
1424 0.3153948293368742
1476 0.3153948293368742
1698 0.3153948293368742
1031 0.3153701968134958
1141 0.3153701968134958
1174 0.3153701968134958
1325 0.3153701968134958
1411 0.3153701968134958
1486 0.3153701968134958
1501 0.3153701968134958
1646 0.3153701968134958
939 0.31534556813744635
940 0.31534556813744635
1033 0.31534556813744635
1152 0.31534556813744635
1186 0.31534556813744635
1478 0.31534556813744635
1481 0.31534556813744635
1700 0.31534556813744635
1784 0.31534556813744635
914 0.31532094330782445
965 0.31532094330782445
1000 0.31532094330782445
1007 0.31532094330782445
1676 0.31532094330782445
1756 0.31532094330782445
1829 0.31532094330782445
970 0.31529632232372923
1042 0.31529632232372923
1084 0.31529632232372923
1177 0.31529632232372923
1234 0.31529632232372923
1249 0.31529632232372923
1869 0.31529632232372923
1889 0.31529632232372923
904 0.31527170518425984
1005 0.31527170518425984
1089 0.31527170518425984
1138 0.31527170518425984
1641 0.31527170518425984
1739 0.31527170518425984
900 0.3152470918885159
907 0.3152470918885159
920 0.3152470918885159
987 0.3152470918885159
1090 0.3152470918885159
1748 0.3152470918885159
1749 0.3152470918885159
1874 0.3152470918885159
909 0.3152224824355972
943 0.3152224824355972
1043 0.3152224824355972
1045 0.3152224824355972
1244 0.3152224824355972
1251 0.3152224824355972
1364 0.3152224824355972
1401 0.3152224824355972
1499 0.3152224824355972
1602 0.3152224824355972
1696 0.3152224824355972
1802 0.3152224824355972
1892 0.3152224824355972
974 0.3151978768246039
986 0.3151978768246039
1030 0.3151978768246039
1050 0.3151978768246039
1053 0.3151978768246039
1094 0.3151978768246039
1134 0.3151978768246039
1218 0.3151978768246039
1599 0.3151978768246039
1887 0.3151978768246039
1905 0.3151978768246039
950 0.31517327505463627
955 0.31517327505463627
956 0.31517327505463627
979 0.31517327505463627
1023 0.31517327505463627
1061 0.31517327505463627
1073 0.31517327505463627
1342 0.31517327505463627
1368 0.31517327505463627
1463 0.31517327505463627
1562 0.31517327505463627
1708 0.31517327505463627
1788 0.31517327505463627
1814 0.31517327505463627
1840 0.31517327505463627
912 0.31514867712479516
928 0.31514867712479516
998 0.31514867712479516
1016 0.31514867712479516
1093 0.31514867712479516
1111 0.31514867712479516
1151 0.31514867712479516
1154 0.31514867712479516
1202 0.31514867712479516
1220 0.31514867712479516
1239 0.31514867712479516
1403 0.31514867712479516
1443 0.31514867712479516
1896 0.31514867712479516
1162 0.3151240830341814
1203 0.3151240830341814
1248 0.3151240830341814
1414 0.3151240830341814
1640 0.3151240830341814
1731 0.3151240830341814
1775 0.3151240830341814
1865 0.3151240830341814
935 0.31509949278189625
937 0.31509949278189625
985 0.31509949278189625
1372 0.31509949278189625
1133 0.3150749063670412
1168 0.3150749063670412
1254 0.3150749063670412
1263 0.3150749063670412
1301 0.3150749063670412
1498 0.3150749063670412
1521 0.3150749063670412
1664 0.3150749063670412
1759 0.3150749063670412
1838 0.3150749063670412
1890 0.3150749063670412
910 0.3150503237887181
1038 0.3150503237887181
1057 0.3150503237887181
1147 0.3150503237887181
1157 0.3150503237887181
1264 0.3150503237887181
1295 0.3150503237887181
1346 0.3150503237887181
1354 0.3150503237887181
1417 0.3150503237887181
1442 0.3150503237887181
1579 0.3150503237887181
1607 0.3150503237887181
1657 0.3150503237887181
1711 0.3150503237887181
1776 0.3150503237887181
1797 0.3150503237887181
945 0.31502574504602904
1002 0.31502574504602904
1105 0.31502574504602904
1194 0.31502574504602904
1200 0.31502574504602904
1383 0.31502574504602904
1474 0.31502574504602904
1510 0.31502574504602904
1651 0.31502574504602904
1713 0.31502574504602904
1762 0.31502574504602904
1856 0.31502574504602904
899 0.3150011701380763
1027 0.3150011701380763
1034 0.3150011701380763
1046 0.3150011701380763
1071 0.3150011701380763
1208 0.3150011701380763
1252 0.3150011701380763
1253 0.3150011701380763
1353 0.3150011701380763
1362 0.3150011701380763
1546 0.3150011701380763
1586 0.3150011701380763
1627 0.3150011701380763
1693 0.3150011701380763
1760 0.3150011701380763
1065 0.3149765990639626
1176 0.3149765990639626
1224 0.3149765990639626
1262 0.3149765990639626
1270 0.3149765990639626
1276 0.3149765990639626
1326 0.3149765990639626
1394 0.3149765990639626
1395 0.3149765990639626
1430 0.3149765990639626
1558 0.3149765990639626
1690 0.3149765990639626
1755 0.3149765990639626
1854 0.3149765990639626
911 0.31495203182279075
918 0.31495203182279075
1096 0.31495203182279075
1119 0.31495203182279075
1145 0.31495203182279075
1206 0.31495203182279075
1386 0.31495203182279075
1466 0.31495203182279075
1560 0.31495203182279075
1581 0.31495203182279075
1834 0.31495203182279075
860 0.31492746841366404
3437 0.31441252043914975
559 0.3120074177097821
412 0.31157407407407406
513 0.3115019671372367
373 0.3113338473400154
561 0.3112858464384829
465 0.3109981515711645
553 0.3108784355993533
374 0.31059149296207983
492 0.31047208980470553
524 0.3103527784182615
391 0.31030507953584874
497 0.3102097257432588
395 0.31001919385796545
370 0.3096863256384692
542 0.30963883137796183
400 0.30954388654656956
419 0.30954388654656956
461 0.30937787312289305
525 0.3091173543596417
423 0.30876280776877196
604 0.308739200244667
591 0.3083855200855354
520 0.30798566089543133
417 0.3075634092467058
392 0.3066990733708036
3290 0.3063732928679818
3173 0.3061410159211524
645 0.3061410159211524
2838 0.30607140150079587
2885 0.30607140150079587
3003 0.30607140150079587
460 0.30607140150079587
416 0.30604820372896774
402 0.30586274806847447
2814 0.3057701044979555
456 0.305608113221827
439 0.3047547169811321
683 0.30461677730838865
471 0.3045248868778281
360 0.30434127223394636
387 0.304066265060241
451 0.303586196526577
34 0.3033125516412529
1967 0.29895609683867624
427 0.2958892064189932
136 0.2941862159405508
500 0.2938864628820961
549 0.2938009313154831
436 0.2936727272727273
438 0.2935659760087241
431 0.29354463506833384
378 0.29348063085980086
506 0.29341665455602384
515 0.2932887855897734
544 0.293097190970458
514 0.2928846014361355
507 0.29199508279702074
269 0.291784088445697
408 0.29174192616140454
404 0.2915102512272596
430 0.29144713099963915
2543 0.29129995671620257
397 0.2911319394376352
432 0.2911319394376352
669 0.29108996539792387
614 0.2910480034597088
444 0.2906918148441437
503 0.2904618040569702
482 0.2904200230149597
463 0.29027388397670906
434 0.2902530189764232
479 0.29023215697549054
556 0.28987796123474513
473 0.28985715311176513
2704 0.2895661527429186
2740 0.2895661527429186
527 0.28948311706932395
537 0.2891928668624221
173 0.28904795991410165
2111 0.28900658459776696
545 0.28890319811118265
388 0.28888252968951206
2199 0.2888205421643659
2081 0.2887585812356979
2007 0.28873793350017873
558 0.2887172887172887
512 0.2886966468863945
594 0.2886966468863945
2598 0.2885934819897084
2054 0.28857285785750014
2283 0.2885316184351554
2289 0.28851100314375533
523 0.2884285714285714
2133 0.28834618680377033
2336 0.2883050121376553
511 0.2882844292139644
2187 0.288263849229012
3101 0.288263849229012
2032 0.2882432721821686
2384 0.2882432721821686
1945 0.28822269807280515
2117 0.28814043099757386
2292 0.28814043099757386
480 0.28814043099757386
2068 0.2881198715661791
2153 0.2880787615038881
2510 0.28805821087173633
455 0.28799657656372585
2511 0.2879555016758183
2102 0.2879349686252139
452 0.2879144385026738
2268 0.28789391130757164
2869 0.2878733870392814
546 0.28785286569717705
2629 0.28783234728063295
570 0.28781183178902353
2471 0.2877913192217233
3263 0.2877913192217233
2072 0.2877297990594271
2224 0.2877297990594271
2247 0.2877297990594271
2319 0.2877297990594271
2649 0.2877297990594271
634 0.2877297990594271
2491 0.28770929818311364
2463 0.2876683051934174
2461 0.28762732388346746
2038 0.2876068376068376
2071 0.2876068376068376
2223 0.2876068376068376
2180 0.28756587380715
2174 0.28754539628284553
531 0.28754539628284553
609 0.28750444998220004
2250 0.287463515341354
676 0.287463515341354
2617 0.2874225923553278
504 0.2874225923553278
2189 0.28740213523131675
2127 0.2873816810191445
350 0.28734078132783036
2451 0.28732033584744554
2203 0.28727945361411494
2643 0.28727945361411494
2764 0.28727945361411494
3258 0.28727945361411494
2508 0.2872385830132309
1926 0.28721815207340495
2138 0.28721815207340495
2042 0.2871977240398293
2143 0.2871772989118839
2183 0.2871364573704046
415 0.2871364573704046
425 0.2871364573704046
3100 0.2871364573704046
2475 0.2870752168349211
3278 0.2870752168349211
3020 0.2870752168349211
1932 0.2870344043218652
2279 0.2870344043218652
2436 0.28701400241666075
2498 0.28701400241666075
405 0.28701400241666075
369 0.28699360341151386
442 0.28699360341151386
3385 0.28699360341151386
2327 0.2869528140989198
646 0.2869528140989198
2883 0.2869528140989198
2267 0.28693242379023665
2302 0.2869120363791388
3111 0.2869120363791388
469 0.28689165186500887
508 0.2868712702472293
2264 0.28676940558198993
426 0.28676940558198993
3245 0.28674904132935664
3265 0.28674904132935664
2589 0.286708321499574
457 0.2866676132329973
516 0.2866676132329973
421 0.28664726343437213
518 0.28664726343437213
2968 0.28664726343437213
357 0.28662691652470185
510 0.28662691652470185
554 0.28662691652470185
2398 0.2866065725033714
667 0.2866065725033714
2653 0.2865658931232702
2039 0.28652522528915064
449 0.286504895700298
435 0.28646424517593644
459 0.28646424517593644
3222 0.28646424517593644
569 0.28644392423919984
3248 0.28644392423919984
2458 0.2864236061852745
2533 0.2864236061852745
2979 0.2864236061852745
528 0.28640329101354706
1955 0.28636266931423304
2547 0.2863423627854205
2254 0.28632205913635395
407 0.28632205913635395
3289 0.28632205913635395
2693 0.28632205913635395
3186 0.28632205913635395
2128 0.28628146047500885
2822 0.28628146047500885
3361 0.28628146047500885
543 0.28622058406577827
2135 0.2862002976823304
2707 0.286159733541209
610 0.2860989088847952
541 0.28605837347690566
477 0.28601784955376114
433 0.28597733711048157
534 0.28597733711048157
485 0.2858761061946903
2529 0.2858356338925462
2472 0.2858154020385051
2417 0.2856738592147152
2445 0.2856738592147152
2826 0.2855930405262041
198 0.2854920814479638
590 0.28541136556403734
2677 0.2853508585965656
2839 0.28516949152542376
2502 0.2851292190368592
3363 0.28504870817450234
3019 0.28490792351654554
2754 0.2848677248677249
3291 0.2848074481591198
2742 0.2847471969536704
3082 0.2847471969536704
3397 0.28472711888309127
3320 0.2846869712351946
3426 0.2846869712351946
472 0.28466690165667957
3090 0.28458665163154556
2966 0.2845665961945032
3280 0.2845665961945032
3434 0.2845665961945032
2944 0.2845465435839617
3232 0.28452649379932354
2863 0.28450644683999154
2877 0.28450644683999154
3116 0.28448640270536846
3168 0.28446636139485737
3201 0.28446636139485737
2786 0.28446636139485737
2951 0.28446636139485737
3051 0.28444632290786137
2719 0.2844262872437839
2986 0.2844262872437839
2724 0.28440625440202844
3406 0.28440625440202844
2661 0.28440625440202844
2793 0.28440625440202844
3078 0.28440625440202844
2782 0.28438622438199873
2669 0.2843661971830986
3387 0.2843661971830986
2956 0.28434617280473207
3026 0.28434617280473207
2716 0.28432615124630334
2778 0.28432615124630334
2679 0.2842861165868769
2694 0.2842861165868769
3330 0.2842861165868769
3233 0.2842661034846885
2906 0.2842661034846885
2927 0.2842661034846885
2960 0.2842661034846885
3366 0.28424609320005634
2915 0.28424609320005634
3000 0.28424609320005634
3154 0.28424609320005634
3035 0.28422608573238545
2730 0.2842060810810811
2755 0.2842060810810811
3150 0.2842060810810811
3417 0.2842060810810811
2890 0.2841860792455486
3033 0.2841860792455486
3038 0.2841860792455486
2916 0.2841660802251935
3324 0.2841660802251935
3162 0.2841460840194216
2928 0.2841460840194216
3076 0.2841460840194216
3198 0.2841460840194216
3252 0.2841460840194216
2750 0.2841260906276386
3152 0.2841260906276386
3132 0.2841061000492507
3348 0.2841061000492507
3351 0.2841061000492507
2664 0.284086112283664
2676 0.284086112283664
2738 0.284086112283664
2757 0.284086112283664
2777 0.284086112283664
2910 0.284086112283664
3054 0.284086112283664
3104 0.284086112283664
2800 0.2840661273302849
2833 0.2840661273302849
2943 0.2840661273302849
3350 0.2840661273302849
2849 0.28404614518852
3179 0.2840261658577759
2867 0.2840261658577759
3022 0.2840261658577759
3185 0.2840261658577759
2925 0.2840061893374596
3226 0.2840061893374596
3386 0.283986215626978
2683 0.283986215626978
2828 0.283986215626978
2866 0.283986215626978
3056 0.283986215626978
3060 0.283986215626978
2901 0.2839662447257384
2909 0.2839662447257384
2872 0.28394627663314814
3049 0.28394627663314814
3084 0.28394627663314814
3096 0.28394627663314814
3344 0.28394627663314814
3347 0.28394627663314814
3396 0.28394627663314814
3295 0.28392631134861485
2748 0.28392631134861485
2827 0.28392631134861485
2864 0.28392631134861485
2913 0.28392631134861485
3362 0.28392631134861485
3412 0.2839063488715461
2905 0.2839063488715461
2920 0.2839063488715461
3174 0.2839063488715461
3360 0.2839063488715461
2873 0.28388638920134984
2973 0.28388638920134984
3339 0.28388638920134984
3011 0.2838664323374341
2904 0.2838664323374341
2992 0.2838664323374341
3002 0.2838664323374341
3172 0.2838664323374341
3195 0.2838664323374341
3267 0.2838664323374341
2976 0.2838464782792071
2862 0.2838464782792071
2969 0.2838464782792071
3120 0.2838464782792071
3140 0.2838464782792071
3277 0.2838464782792071
3005 0.2838265270260772
2674 0.2838265270260772
2919 0.2838265270260772
3017 0.2838265270260772
3284 0.2838265270260772
2698 0.2838065785774529
2911 0.2838065785774529
2939 0.2838065785774529
3119 0.2838065785774529
3145 0.2838065785774529
3321 0.2838065785774529
3113 0.283786632932743
3182 0.283786632932743
3342 0.283786632932743
2689 0.2837666900913563
2706 0.2837666900913563
3302 0.2837666900913563
2781 0.28374675005270183
2880 0.28374675005270183
3027 0.28374675005270183
3149 0.28374675005270183
3240 0.28374675005270183
3247 0.28374675005270183
3136 0.2837268128161889
3331 0.2837268128161889
3079 0.2837268128161889
2994 0.2837268128161889
3098 0.2837268128161889
3335 0.2837268128161889
3345 0.2837268128161889
3433 0.2837268128161889
3001 0.2837068783812267
3304 0.2837068783812267
3355 0.2837068783812267
2940 0.2837068783812267
3064 0.2837068783812267
2729 0.28368694674722494
2763 0.28368694674722494
2937 0.28368694674722494
2988 0.28368694674722494
3108 0.28368694674722494
3117 0.28368694674722494
3214 0.28368694674722494
3256 0.28368694674722494
3274 0.28368694674722494
3297 0.28368694674722494
3419 0.28368694674722494
2853 0.2836670179135933
3070 0.2836670179135933
3073 0.2836670179135933
3106 0.2836670179135933
3239 0.2836670179135933
3332 0.2836670179135933
3353 0.2836670179135933
3411 0.2836670179135933
2666 0.2836470918797415
2894 0.2836470918797415
2912 0.2836470918797415
2991 0.2836470918797415
3115 0.2836470918797415
3146 0.2836470918797415
3169 0.2836470918797415
3184 0.2836470918797415
2796 0.28362716864507975
2936 0.28362716864507975
2985 0.28362716864507975
3293 0.28362716864507975
3299 0.28362716864507975
3378 0.28362716864507975
2780 0.2836072482090181
2946 0.2836072482090181
2974 0.2836072482090181
2892 0.2835873305709671
3062 0.2835873305709671
3097 0.2835873305709671
2810 0.2835873305709671
2989 0.2835873305709671
3034 0.2835674157303371
2741 0.2835674157303371
2773 0.2835674157303371
2815 0.2835674157303371
2775 0.28354750368653886
2964 0.28354750368653886
2993 0.28354750368653886
3142 0.28354750368653886
3077 0.2835275944389833
3224 0.2835275944389833
2717 0.28350768798708137
2897 0.28350768798708137
2945 0.28350768798708137
3025 0.28350768798708137
3220 0.28350768798708137
3261 0.28350768798708137
3381 0.28350768798708137
2680 0.2834877843302443
2749 0.2834877843302443
2931 0.2834877843302443
3004 0.2834877843302443
3065 0.2834877843302443
3391 0.2834877843302443
3416 0.2834877843302443
3164 0.2834678834678835
2813 0.2834678834678835
2734 0.2834678834678835
2753 0.2834678834678835
2875 0.2834678834678835
3029 0.2834678834678835
3085 0.2834678834678835
3089 0.2834678834678835
3158 0.2834678834678835
3403 0.2834678834678835
2743 0.28344798539941035
3040 0.28344798539941035
3087 0.28344798539941035
3107 0.28344798539941035
3188 0.28344798539941035
3206 0.28344798539941035
3253 0.28344798539941035
3205 0.2834280901242367
2665 0.2834280901242367
2806 0.2834280901242367
2896 0.2834280901242367
3021 0.2834280901242367
3047 0.2834280901242367
3052 0.2834280901242367
3327 0.2834280901242367
2347 0.2834081976417743
2720 0.2834081976417743
2787 0.2834081976417743
3102 0.2834081976417743
3137 0.2834081976417743
3364 0.2834081976417743
3384 0.2834081976417743
3435 0.2834081976417743
2962 0.2833883079514352
2929 0.2833883079514352
2950 0.2833883079514352
3287 0.2833883079514352
3288 0.2833883079514352
3404 0.2833684210526316
2765 0.2833684210526316
2874 0.2833684210526316
3204 0.2833684210526316
2758 0.2833485369447758
3072 0.2833485369447758
3114 0.2833485369447758
3365 0.2833485369447758
3165 0.2833286556272804
2681 0.2833286556272804
2756 0.2833286556272804
2881 0.2833286556272804
3298 0.2833286556272804
2712 0.283308777099558
2785 0.283308777099558
2835 0.283308777099558
2955 0.283308777099558
2970 0.283308777099558
3118 0.283308777099558
3272 0.283308777099558
3014 0.2832889013610215
3369 0.2832889013610215
2725 0.2832690284110838
3409 0.2832690284110838
2871 0.2832690284110838
2958 0.2832690284110838
3257 0.2832690284110838
2770 0.28324915824915825
2914 0.28324915824915825
3177 0.28324915824915825
3207 0.28324915824915825
3238 0.28324915824915825
3296 0.28324915824915825
2678 0.2832292908746581
3057 0.2832292908746581
2999 0.2832292908746581
2887 0.2832292908746581
2921 0.2832292908746581
2924 0.2832292908746581
2932 0.2832292908746581
3191 0.2832292908746581
3196 0.2832292908746581
3301 0.2832292908746581
3422 0.2832292908746581
3178 0.2832094262869968
2865 0.2832094262869968
2996 0.2832094262869968
3219 0.2832094262869968
3316 0.2832094262869968
2760 0.2831895644855881
2675 0.2831895644855881
2728 0.2831895644855881
2823 0.2831895644855881
3036 0.2831895644855881
3166 0.2831895644855881
3395 0.2831895644855881
3420 0.2831697054698457
2662 0.2831697054698457
2672 0.2831697054698457
2718 0.2831697054698457
3046 0.2831697054698457
3086 0.2831697054698457
3399 0.2831697054698457
2752 0.2831498492391838
3319 0.2831498492391838
2854 0.2831498492391838
3213 0.2831498492391838
3228 0.2831498492391838
3303 0.2831498492391838
2751 0.2831299957930164
2825 0.2831299957930164
3023 0.2831299957930164
3129 0.2831299957930164
3135 0.2831299957930164
3212 0.2831299957930164
3346 0.2831299957930164
3400 0.2831299957930164
2668 0.28311014513075794
2708 0.28311014513075794
2772 0.28311014513075794
2953 0.28311014513075794
3187 0.28311014513075794
3250 0.28311014513075794
2745 0.2830902972518228
2783 0.2830902972518228
2840 0.2830902972518228
2850 0.2830902972518228
2977 0.2830902972518228
3123 0.2830902972518228
3234 0.2830902972518228
2715 0.28307045215562565
2907 0.28307045215562565
3010 0.28307045215562565
3255 0.28307045215562565
3313 0.28307045215562565
2690 0.28305060984158137
2711 0.28305060984158137
2713 0.28305060984158137
2739 0.28305060984158137
2836 0.28305060984158137
2841 0.28305060984158137
3203 0.28305060984158137
3259 0.28305060984158137
3264 0.28305060984158137
3341 0.28305060984158137
3377 0.28305060984158137
3394 0.28305060984158137
3410 0.28303077030910495
2938 0.28303077030910495
2832 0.28303077030910495
3018 0.28303077030910495
3124 0.28303077030910495
3148 0.28303077030910495
3160 0.28303077030910495
2673 0.2830109335576114
2731 0.2830109335576114
2843 0.2830109335576114
2844 0.2830109335576114
3016 0.2830109335576114
3275 0.2830109335576114
3415 0.2830109335576114
2684 0.28299109958651625
2761 0.28299109958651625
2768 0.28299109958651625
2784 0.28299109958651625
2829 0.28299109958651625
3080 0.28299109958651625
3225 0.28299109958651625
3231 0.28299109958651625
3237 0.28299109958651625
3260 0.28299109958651625
2705 0.2829712683952348
2797 0.2829712683952348
2846 0.2829712683952348
2908 0.2829712683952348
2987 0.2829712683952348
3041 0.2829712683952348
3176 0.2829712683952348
3193 0.2829712683952348
3243 0.2829712683952348
3285 0.2829712683952348
2663 0.2829514399831827
2701 0.2829514399831827
2845 0.2829514399831827
3221 0.2829514399831827
3273 0.2829514399831827
2812 0.2829316143497758
2978 0.2829316143497758
3081 0.2829316143497758
3170 0.2829316143497758
3211 0.2829316143497758
3215 0.2829316143497758
3279 0.2829316143497758
3379 0.2829316143497758
3390 0.2829316143497758
2686 0.2829117914944301
2702 0.2829117914944301
2733 0.2829117914944301
2795 0.2829117914944301
2819 0.2829117914944301
2984 0.2829117914944301
3007 0.2829117914944301
3013 0.2829117914944301
3209 0.2829117914944301
3262 0.2829117914944301
3337 0.2829117914944301
2941 0.2828919714165616
2981 0.2828919714165616
3075 0.2828919714165616
3163 0.2828919714165616
3223 0.2828919714165616
3286 0.2828919714165616
3294 0.2828919714165616
3431 0.2828919714165616
2759 0.2828721541155867
2803 0.2828721541155867
2807 0.2828721541155867
2830 0.2828721541155867
2851 0.2828721541155867
2870 0.2828721541155867
2891 0.2828721541155867
2967 0.2828721541155867
3032 0.2828721541155867
3039 0.2828721541155867
3199 0.2828721541155867
3306 0.2828721541155867
3328 0.2828523395909218
2687 0.2828523395909218
2737 0.2828523395909218
2762 0.2828523395909218
2848 0.2828523395909218
2868 0.2828523395909218
2948 0.2828523395909218
3139 0.2828523395909218
3236 0.2828523395909218
3380 0.2828523395909218
3430 0.2828523395909218
3432 0.2828523395909218
2667 0.2828325278419836
2744 0.2828325278419836
2859 0.2828325278419836
2918 0.2828325278419836
2934 0.2828325278419836
2949 0.2828325278419836
3042 0.2828325278419836
3103 0.2828325278419836
3276 0.2828325278419836
3318 0.2828325278419836
3356 0.2828325278419836
3421 0.2828325278419836
2670 0.2828127188681888
2696 0.2828127188681888
2735 0.2828127188681888
2779 0.2828127188681888
2789 0.2828127188681888
2794 0.2828127188681888
2809 0.2828127188681888
2889 0.2828127188681888
3009 0.2828127188681888
3138 0.2828127188681888
3171 0.2828127188681888
3189 0.2828127188681888
3241 0.2828127188681888
3307 0.2828127188681888
3325 0.2828127188681888
3329 0.2828127188681888
3393 0.2828127188681888
2971 0.2827929126689544
2903 0.2827929126689544
2703 0.2827929126689544
2831 0.2827929126689544
2856 0.2827929126689544
2917 0.2827929126689544
3109 0.2827929126689544
3300 0.2827929126689544
3309 0.2827929126689544
3359 0.2827929126689544
3414 0.2827929126689544
2726 0.2827731092436975
2858 0.2827731092436975
2947 0.2827731092436975
2959 0.2827731092436975
2965 0.2827731092436975
2972 0.2827731092436975
2983 0.2827731092436975
3043 0.2827731092436975
3110 0.2827731092436975
3167 0.2827731092436975
3194 0.2827731092436975
3312 0.2827731092436975
3373 0.2827731092436975
3382 0.2827731092436975
3383 0.2827731092436975
3392 0.2827731092436975
2682 0.28275330859183534
2697 0.28275330859183534
2818 0.28275330859183534
2879 0.28275330859183534
2923 0.28275330859183534
3008 0.28275330859183534
3050 0.28275330859183534
3068 0.28275330859183534
3069 0.28275330859183534
3093 0.28275330859183534
3144 0.28275330859183534
3192 0.28275330859183534
3283 0.28275330859183534
3314 0.28275330859183534
3326 0.28275330859183534
3340 0.28275330859183534
3374 0.28275330859183534
3423 0.28275330859183534
2700 0.28273351071278535
2746 0.28273351071278535
2820 0.28273351071278535
2888 0.28273351071278535
2982 0.28273351071278535
2995 0.28273351071278535
3048 0.28273351071278535
3058 0.28273351071278535
3095 0.28273351071278535
3157 0.28273351071278535
3208 0.28273351071278535
3242 0.28273351071278535
3357 0.28273351071278535
3371 0.28273351071278535
3402 0.28273351071278535
2771 0.28271371560596514
2837 0.28271371560596514
2876 0.28271371560596514
2933 0.28271371560596514
2957 0.28271371560596514
2997 0.28271371560596514
3024 0.28271371560596514
3061 0.28271371560596514
3066 0.28271371560596514
3151 0.28271371560596514
3210 0.28271371560596514
3229 0.28271371560596514
3244 0.28271371560596514
3246 0.28271371560596514
3249 0.28271371560596514
3315 0.28271371560596514
3343 0.28271371560596514
2699 0.2826939232707925
2710 0.2826939232707925
2727 0.2826939232707925
2747 0.2826939232707925
2766 0.2826939232707925
2821 0.2826939232707925
2954 0.2826939232707925
2990 0.2826939232707925
3067 0.2826939232707925
3130 0.2826939232707925
3156 0.2826939232707925
3352 0.2826939232707925
3405 0.2826939232707925
2685 0.28267413370668537
2709 0.28267413370668537
2723 0.28267413370668537
2769 0.28267413370668537
2791 0.28267413370668537
2847 0.28267413370668537
2935 0.28267413370668537
3028 0.28267413370668537
3105 0.28267413370668537
3112 0.28267413370668537
3155 0.28267413370668537
3190 0.28267413370668537
3254 0.28267413370668537
3281 0.28267413370668537
3292 0.28267413370668537
3349 0.28267413370668537
2688 0.28265434691306174
2695 0.28265434691306174
2816 0.28265434691306174
2852 0.28265434691306174
2861 0.28265434691306174
2878 0.28265434691306174
2900 0.28265434691306174
2961 0.28265434691306174
3012 0.28265434691306174
3063 0.28265434691306174
3092 0.28265434691306174
3141 0.28265434691306174
3153 0.28265434691306174
3200 0.28265434691306174
3202 0.28265434691306174
3311 0.28265434691306174
3358 0.28265434691306174
3367 0.28265434691306174
2801 0.28263456288933997
2802 0.28263456288933997
2882 0.28263456288933997
2886 0.28263456288933997
2926 0.28263456288933997
2942 0.28263456288933997
3015 0.28263456288933997
3053 0.28263456288933997
3083 0.28263456288933997
3088 0.28263456288933997
3099 0.28263456288933997
3128 0.28263456288933997
3133 0.28263456288933997
3388 0.28263456288933997
3418 0.28263456288933997
3425 0.28263456288933997
2790 0.2826147816349384
2804 0.2826147816349384
2834 0.2826147816349384
2895 0.2826147816349384
3122 0.2826147816349384
3218 0.2826147816349384
3251 0.2826147816349384
3269 0.2826147816349384
3308 0.2826147816349384
3334 0.2826147816349384
3338 0.2826147816349384
3354 0.2826147816349384
3368 0.2826147816349384
3427 0.2826147816349384
2732 0.28259500314927566
2799 0.28259500314927566
2805 0.28259500314927566
2893 0.28259500314927566
2898 0.28259500314927566
2930 0.28259500314927566
3030 0.28259500314927566
3045 0.28259500314927566
3126 0.28259500314927566
3131 0.28259500314927566
3180 0.28259500314927566
3181 0.28259500314927566
3197 0.28259500314927566
3235 0.28259500314927566
3266 0.28259500314927566
3322 0.28259500314927566
3376 0.28259500314927566
3398 0.28259500314927566
3401 0.28259500314927566
3428 0.28259500314927566
2811 0.2825752274317705
2902 0.2825752274317705
3094 0.2825752274317705
3159 0.2825752274317705
3216 0.2825752274317705
3317 0.2825752274317705
3323 0.2825752274317705
3333 0.2825752274317705
3336 0.2825752274317705
3372 0.2825752274317705
3389 0.2825752274317705
3424 0.2825752274317705
3436 0.2825752274317705
2671 0.2825554544818417
2721 0.2825554544818417
2767 0.2825554544818417
2774 0.2825554544818417
2776 0.2825554544818417
2824 0.2825554544818417
2884 0.2825554544818417
2899 0.2825554544818417
3044 0.2825554544818417
3055 0.2825554544818417
3074 0.2825554544818417
3091 0.2825554544818417
3127 0.2825554544818417
3161 0.2825554544818417
3175 0.2825554544818417
3217 0.2825554544818417
3270 0.2825554544818417
3370 0.2825554544818417
2692 0.2825356842989085
2736 0.2825356842989085
2817 0.2825356842989085
2980 0.2825356842989085
3059 0.2825356842989085
3147 0.2825356842989085
3227 0.2825356842989085
3271 0.2825356842989085
3305 0.2825356842989085
3310 0.2825356842989085
3429 0.2825356842989085
2855 0.28251591688239
2963 0.28251591688239
3121 0.28251591688239
3143 0.28251591688239
2691 0.2824961522317056
2714 0.2824961522317056
2722 0.2824961522317056
2792 0.2824961522317056
2798 0.2824961522317056
2808 0.2824961522317056
2860 0.2824961522317056
2922 0.2824961522317056
2952 0.2824961522317056
2975 0.2824961522317056
2998 0.2824961522317056
3037 0.2824961522317056
3375 0.2824961522317056
3413 0.2824961522317056
2788 0.2824763903462749
2857 0.2824763903462749
3006 0.2824763903462749
3125 0.2824763903462749
3134 0.2824763903462749
3268 0.2824763903462749
3282 0.2824763903462749
3407 0.2824763903462749
3408 0.2824763903462749
2842 0.2824566312255176
3031 0.2824566312255176
3071 0.2824566312255176
3183 0.2824566312255176
3230 0.2824566312255176
1941 0.2820620284995809
862 0.28182579564489113
2328 0.2817471392687692
2047 0.281707827542905
2266 0.281707827542905
2333 0.28162923699260706
2087 0.28155069028029567
2282 0.2815114333519242
2555 0.2811390378054724
2509 0.28111946532999166
2149 0.28100208768267226
2468 0.28100208768267226
2642 0.2809825342704057
2542 0.28096298357918176
1920 0.280904347826087
2125 0.2808652709188287
2294 0.28074810540221096
2344 0.2807285873192436
1947 0.2807090719499479
2241 0.28068955929375783
2196 0.280650542118432
2176 0.280650542118432
2169 0.28063103759816527
1948 0.28061153578874215
2028 0.28057254030016676
2512 0.28055304661988467
2419 0.2804945818282856
2052 0.2804361413987082
2132 0.28033879477922796
2582 0.28033879477922796
2616 0.28031933356473443
2148 0.2802609661299278
2246 0.28022206800832755
2394 0.28022206800832755
1940 0.2801831806827643
1954 0.2801831806827643
2592 0.28014430414874425
2588 0.28014430414874425
119 0.28010543840177576
1959 0.28004715999722585
2368 0.28004715999722585
2151 0.28004715999722585
2010 0.28000832119825253
2567 0.27996949317063025
2053 0.2799500831946755
1916 0.27991127131568
2343 0.27991127131568
2144 0.27989186941152006
2351 0.2798530736710791
2194 0.2798336798336798
2338 0.2798336798336798
2372 0.27975613135651933
2597 0.27975613135651933
2332 0.2797173732335827
2608 0.2796398891966759
2198 0.2795818043342796
2399 0.2794657069693404
3830 0.2794270292713307
2191 0.2794270292713307
2516 0.2794270292713307
2026 0.2794270292713307
2377 0.2793883622777278
2594 0.2793883622777278
2134 0.2793690327936903
2239 0.2793690327936903
2273 0.27933038184836745
2325 0.27933038184836745
2420 0.279291741596348
2002 0.2792144931544738
2315 0.2791372874326006
150 0.2791179926729799
217 0.2790601243953006
64 0.2790408403012922
189 0.2790408403012922
2062 0.2790408403012922
2101 0.2789444597955236
2385 0.27882889103714953
2031 0.27882889103714953
1994 0.2788096388869709
2285 0.2787903893951947
2293 0.2787711425612703
2465 0.27873265686477533
2003 0.27873265686477533
2330 0.27873265686477533
2215 0.2786941817930844
3684 0.27867494824016564
3633 0.27863648909743305
2501 0.27863648909743305
2155 0.2785980405685111
3948 0.2785211753345289
3756 0.2785211753345289
2137 0.2785211753345289
2609 0.2785211753345289
3495 0.27848275862068966
3851 0.27848275862068966
3877 0.2784059569773855
3456 0.2783867631851086
3577 0.2783867631851086
3501 0.27834838353898117
3677 0.27834838353898117
2519 0.2782524807056229
3797 0.2782333080686281
2163 0.2781758060071645
2355 0.27815664393469725
2544 0.27815664393469725
2185 0.2781374845019975
2389 0.27811832770851985
3962 0.278099173553719
3674 0.2780800220370498
3692 0.2780800220370498
3525 0.27804172691592643
2295 0.2780225833103828
3540 0.2780034423407917
3721 0.27796516830728984
3651 0.27796516830728984
1913 0.2779460352422907
3609 0.2779077770130764
3750 0.2779077770130764
3886 0.2779077770130764
2298 0.2779077770130764
2413 0.2779077770130764
2605 0.2779077770130764
3440 0.27785040941305994
3943 0.27783129214256225
3550 0.27775484936029715
2530 0.2777357452369489
3741 0.2776975448731174
2065 0.27767844863155
3872 0.27765935501615896
3592 0.27764026402640263
3561 0.27762117566173944
3556 0.27760208992162794
2496 0.27760208992162794
496 0.2774113767518549
422 0.27731611839846165
464 0.2764617280569629
364 0.2764617280569629
564 0.2764617280569629
399 0.27644280139659066
441 0.27644280139659066
501 0.27644280139659066
393 0.2764238773274918
476 0.2764049558491341
351 0.2763860369609856
56 0.27585735756250856
67 0.27581967213114755
322 0.27574433214968586
21 0.2756125861715924
122 0.27557496758343003
315 0.27544338335607094
304 0.2754245958665848
493 0.2754058109398445
285 0.27527438816551913
394 0.27527438816551913
213 0.2751243442120324
169 0.27510560021801334
339 0.2748995847232623
324 0.2748808713410483
308 0.2748434522188946
7 0.2747686445291236
103 0.2746938775510204
246 0.2746565093184601
87 0.27463782901448686
156 0.27461915125136016
494 0.27461915125136016
146 0.27458180334557325
120 0.27446982055464925
125 0.27446982055464925
367 0.27435792906644924
639 0.27413441955193485
560 0.2741158101961849
487 0.27396702625686953
557 0.2738926948382283
446 0.2736884912566084
385 0.2733179910653851
671 0.27326250253772755
368 0.27320703653585926
535 0.27315159304606645
678 0.27315159304606645
409 0.27302231237322516
398 0.27298539751216877
630 0.272966943824782
555 0.2725064111216089
584 0.27246963562753035
375 0.272414490993726
481 0.2722124848321424
587 0.27217578862227015
548 0.2721024258760108
620 0.27206575933162647
547 0.27197413618912913
352 0.27191919191919195
488 0.2719008820954818
396 0.2718825747374091
536 0.2718825747374091
359 0.27186426984447587
489 0.27182766745203635
355 0.27180936995153476
462 0.271589991928975
565 0.271589991928975
593 0.271589991928975
440 0.2715534633490249
458 0.2714986888993478
652 0.2714986888993478
673 0.2714986888993478
653 0.2714986888993478
474 0.27148043565954016
586 0.2714621848739496
519 0.2714439365420812
679 0.2714439365420812
656 0.27140744723753196
450 0.2713892062638618
539 0.2713892062638618
644 0.2713892062638618
361 0.2713709677419355
521 0.2713709677419355
680 0.2713162668816771
654 0.2712980381617845
410 0.27122514777001616
418 0.27122514777001616
540 0.27122514777001616
618 0.271188717259906
698 0.271188717259906
490 0.2711705056745685
491 0.2711705056745685
502 0.2711705056745685
574 0.2711705056745685
403 0.27115229653505235
666 0.27111588559151334
354 0.2710976837865055
413 0.2710976837865055
390 0.27107948442534907
592 0.2710249010000671
579 0.27098852426011677
663 0.27091580006709154
655 0.27086128253286823
372 0.2708249496981891
424 0.2708249496981891
551 0.2708249496981891
486 0.27080678693581917
445 0.27078862660944203
495 0.27078862660944203
509 0.27078862660944203
505 0.27075231326270616
619 0.27075231326270616
381 0.27073416024136776
617 0.27073416024136776
636 0.27073416024136776
380 0.27071600965406273
362 0.2706978615003017
677 0.2706978615003017
589 0.2706797157795951
597 0.2706797157795951
616 0.27064343163538873
685 0.2705890236547611
682 0.2705165137000067
635 0.2704983922829582
631 0.27048027329358965
365 0.2704621567314133
478 0.2704259308866863
382 0.2704078216031608
498 0.2704078216031608
573 0.2704078216031608
657 0.2704078216031608
529 0.27037161031134915
470 0.27031731155442495
533 0.27031731155442495
583 0.27028112449799196
578 0.2702630346027709
600 0.2702630346027709
615 0.2702630346027709
627 0.2702630346027709
643 0.2702630346027709
658 0.2702630346027709
659 0.2702630346027709
661 0.2702630346027709
662 0.2702630346027709
568 0.2702449471288984
599 0.2702449471288984
640 0.2702449471288984
670 0.2702449471288984
675 0.2702449471288984
681 0.2702449471288984
522 0.27022686207588836
577 0.27022686207588836
632 0.27022686207588836
650 0.27022686207588836
429 0.27020877944325483
437 0.27020877944325483
532 0.27020877944325483
582 0.27020877944325483
625 0.27020877944325483
371 0.27019069923051187
466 0.27019069923051187
684 0.27019069923051187
349 0.2701726214371738
595 0.2701726214371738
647 0.2701726214371738
603 0.2701545460627551
605 0.2701545460627551
665 0.2701545460627551
623 0.27013647310677014
664 0.27013647310677014
453 0.2701184025687337
562 0.2701184025687337
598 0.2701184025687337
611 0.2701184025687337
384 0.2701003344481605
406 0.2701003344481605
467 0.2701003344481605
530 0.2701003344481605
552 0.2701003344481605
572 0.2701003344481605
612 0.2701003344481605
633 0.2701003344481605
356 0.2700822687445656
383 0.2700822687445656
386 0.2700822687445656
411 0.2700822687445656
448 0.2700822687445656
454 0.2700822687445656
499 0.2700822687445656
571 0.2700822687445656
576 0.2700822687445656
588 0.2700822687445656
626 0.2700822687445656
377 0.27006420545746385
379 0.27006420545746385
401 0.27006420545746385
443 0.27006420545746385
468 0.27006420545746385
622 0.27006420545746385
358 0.2700461445863706
447 0.2700461445863706
550 0.2700461445863706
575 0.2700461445863706
628 0.2700461445863706
672 0.26997392525239017
621 0.2699558764540714
660 0.26988370538698037
581 0.26986566864933503
642 0.26986566864933503
648 0.26986566864933503
585 0.2698476343223737
602 0.2698476343223737
607 0.2698476343223737
608 0.2698476343223737
613 0.2698476343223737
624 0.2698476343223737
638 0.2698476343223737
668 0.2698476343223737
674 0.2698476343223737
80 0.2679140127388535
166 0.2677186236159915
163 0.2676121678043608
202 0.26757670134517264
1939 0.267010513786947
1972 0.2668517049960349
2171 0.26678118393234673
1973 0.2667635594899914
2116 0.2667635594899914
2364 0.2667635594899914
1951 0.2667459373761395
1995 0.2667283175903296
2001 0.2666754721965394
2284 0.26660504423610193
2538 0.26660504423610193
2640 0.26660504423610193
2018 0.2665874430580313
1998 0.2665698442038553
2024 0.26655224767311375
2004 0.26649947201689544
2378 0.26649947201689544
1991 0.266481884775292
2447 0.266481884775292
2647 0.2664642998548238
2459 0.2664291369754553
2583 0.2664291369754553
2009 0.26641155901563635
2027 0.26639398337511544
2225 0.2663588390501319
1976 0.266306139945921
2157 0.266306139945921
2494 0.266306139945921
2636 0.26628857821155366
2660 0.26628857821155366
2337 0.26623590690314497
2571 0.2661481676773003
2635 0.2659728626004479
1985 0.26357702349869455
2233 0.2635426184571205
2142 0.2635254193043138
2206 0.26333637667927484
2229 0.26328486666231987
2410 0.26328486666231987
2611 0.26328486666231987
2218 0.2632505378447096
2078 0.2632333767926988
1993 0.26321621797796757
2123 0.26321621797796757
2464 0.2631990614000782
2240 0.2631819070585935
2507 0.2631819070585935
2560 0.2631819070585935
2244 0.2631647549530761
1983 0.263147605083089
2309 0.263147605083089
2088 0.26313045744819497
2131 0.26313045744819497
2340 0.26313045744819497
2602 0.26313045744819497
2324 0.2631133120479573
2369 0.2631133120479573
2590 0.2631133120479573
2604 0.26309616888193904
2073 0.26307902794970356
2220 0.26307902794970356
2607 0.26307902794970356
2188 0.26306188925081436
2059 0.26304475278483486
2172 0.26304475278483486
1943 0.26302761855132883
2150 0.26302761855132883
1946 0.26301048654986
2428 0.26301048654986
2526 0.26301048654986
1917 0.2629933567799922
2201 0.2629933567799922
2331 0.2629933567799922
2601 0.2629933567799922
1938 0.2629762292412895
2090 0.2629762292412895
2118 0.262959103933316
2564 0.262959103933316
2624 0.262959103933316
1962 0.26294198085563586
2030 0.26294198085563586
2586 0.26294198085563586
2064 0.2629248600078135
2184 0.2629248600078135
2625 0.2629248600078135
2275 0.26290774138941336
2593 0.26290774138941336
2615 0.26290774138941336
2103 0.262890625
2290 0.262890625
2323 0.26287351083913807
2414 0.26287351083913807
2339 0.2628563989063924
2600 0.2628563989063924
2104 0.2628392892013279
2500 0.2628392892013279
2271 0.2628221817235095
2326 0.2628221817235095
2376 0.26280507647250245
2395 0.26280507647250245
1984 0.2627879734478719
2139 0.2627879734478719
2409 0.2627879734478719
2492 0.2627879734478719
2093 0.2627708726491833
2354 0.2627708726491833
1971 0.2627537740760021
1979 0.2627537740760021
2045 0.2627537740760021
2381 0.2627537740760021
2043 0.2627195836044242
2278 0.2627195836044242
2033 0.2627024917051591
2037 0.2627024917051591
2200 0.2627024917051591
2553 0.2627024917051591
2630 0.2627024917051591
1966 0.26268540202966434
2356 0.26268540202966434
2140 0.26266831457750606
2404 0.2626512293482503
2124 0.2626341463414634
2460 0.2626341463414634
2069 0.26261706555671177
2190 0.26261706555671177
2352 0.26261706555671177
2374 0.26261706555671177
2655 0.26261706555671177
2363 0.26259998699356185
2638 0.2625829106515802
2423 0.2625658365303336
2520 0.2625658365303336
2559 0.2625658365303336
2108 0.2625487646293888
2578 0.2625487646293888
2619 0.2625487646293888
2074 0.26251462748667276
2550 0.26251462748667276
1918 0.26249756224403564
2446 0.26249756224403564
2549 0.26249756224403564
2112 0.2624804992199688
2154 0.2624804992199688
2482 0.2624804992199688
2020 0.2624463798258157
2121 0.2624463798258157
2370 0.2624463798258157
2551 0.2624463798258157
2253 0.2624293234548645
2308 0.26241226930075384
2005 0.26239521736305155
2257 0.26239521736305155
2299 0.26239521736305155
2561 0.26239521736305155
2095 0.26237816764132554
2276 0.26237816764132554
1986 0.26236112013514395
2408 0.26236112013514395
2040 0.26234407484407485
2573 0.26234407484407485
271 0.2623270317676866
1929 0.2623270317676866
2348 0.2623270317676866
2504 0.2623270317676866
2654 0.2623270317676866
25 0.26225888160031174
2083 0.26225888160031174
2359 0.26225888160031174
2433 0.26225888160031174
26 0.26224184959085595
2122 0.26224184959085595
2430 0.26224184959085595
2495 0.26222481979349305
2546 0.26220779220779217
252 0.2621907668333225
277 0.2621907668333225
2063 0.26215672271635393
2084 0.26215672271635393
2307 0.26215672271635393
2521 0.26215672271635393
2575 0.26215672271635393
2212 0.262139703972994
2539 0.262139703972994
2334 0.26212268743914313
2386 0.26212268743914313
239 0.2620886609982475
2485 0.2620886609982475
2086 0.26207165109034264
2115 0.26207165109034264
9 0.2620546433902265
200 0.2620546433902265
203 0.2620546433902265
1997 0.2620546433902265
2109 0.2620546433902265
2469 0.2620546433902265
2646 0.2620546433902265
2216 0.26202063461164105
2556 0.26198663465905403
2467 0.26196963799143635
2623 0.26196963799143635
2261 0.26195264352903014
2165 0.26193565127140633
98 0.2619186612181358
188 0.2619016733687897
2077 0.2619016733687897
2484 0.2619016733687897
199 0.2618846877229392
1925 0.2618846877229392
170 0.26186770428015566
2237 0.26186770428015566
2329 0.26186770428015566
2506 0.26186770428015566
272 0.26185072304001034
1953 0.26185072304001034
2046 0.26185072304001034
40 0.26183374400207493
186 0.26183374400207493
2300 0.26183374400207493
142 0.261816767165921
280 0.261816767165921
332 0.261816767165921
172 0.26178282009724474
113 0.2617658498638662
323 0.2617488818305568
325 0.2617488818305568
2098 0.2617488818305568
2418 0.2617488818305568
261 0.2617319159968888
2579 0.2617319159968888
2631 0.2617319159968888
109 0.26171495236243436
236 0.26171495236243436
313 0.26171495236243436
2056 0.26171495236243436
118 0.26169799092676604
291 0.26169799092676604
2306 0.2616810316894563
2477 0.2616810316894563
82 0.26166407465007774
342 0.26166407465007774
2552 0.26166407465007774
104 0.2616301671634055
2563 0.2616301671634055
13 0.2616132167152575
53 0.2616132167152575
211 0.26159626846333245
329 0.26159626846333245
2489 0.26159626846333245
128 0.2615623785464438
141 0.2615623785464438
224 0.2615623785464438
334 0.2615623785464438
2060 0.2615623785464438
2532 0.2615623785464438
223 0.261545436880627
265 0.261545436880627
346 0.261545436880627
62 0.26152849740932643
185 0.26152849740932643
312 0.26152849740932643
158 0.2615115601321158
161 0.2615115601321158
232 0.2615115601321158
297 0.2615115601321158
2213 0.2615115601321158
2574 0.2615115601321158
41 0.26149462504856885
72 0.26149462504856885
242 0.26149462504856885
249 0.26149462504856885
31 0.2614776921582594
238 0.2614776921582594
48 0.26146076146076147
94 0.26146076146076147
204 0.26146076146076147
92 0.26144383295564905
115 0.26144383295564905
231 0.26144383295564905
248 0.26144383295564905
303 0.26144383295564905
320 0.26144383295564905
88 0.2614269066424964
148 0.2614269066424964
180 0.2614269066424964
299 0.2614269066424964
302 0.2614269066424964
331 0.2614269066424964
2210 0.2614269066424964
59 0.2614099825208778
101 0.2614099825208778
134 0.2614099825208778
194 0.2614099825208778
326 0.2614099825208778
123 0.26139306059036765
133 0.26139306059036765
184 0.26139306059036765
212 0.26139306059036765
257 0.26139306059036765
266 0.26139306059036765
276 0.26139306059036765
343 0.26139306059036765
1964 0.26139306059036765
2462 0.26139306059036765
2591 0.26139306059036765
1 0.26137614085054045
3 0.26137614085054045
23 0.26137614085054045
30 0.26137614085054045
55 0.26137614085054045
116 0.26137614085054045
175 0.26137614085054045
214 0.26137614085054045
254 0.26137614085054045
2537 0.26137614085054045
19 0.2613592233009709
24 0.2613592233009709
127 0.2613592233009709
130 0.2613592233009709
132 0.2613592233009709
137 0.2613592233009709
187 0.2613592233009709
197 0.2613592233009709
281 0.2613592233009709
284 0.2613592233009709
330 0.2613592233009709
345 0.2613592233009709
2179 0.2613592233009709
14 0.2613423079412336
20 0.2613423079412336
39 0.2613423079412336
57 0.2613423079412336
66 0.2613423079412336
144 0.2613423079412336
227 0.2613423079412336
258 0.2613423079412336
2478 0.2613423079412336
2499 0.2613423079412336
2554 0.2613423079412336
75 0.26132539477090344
85 0.26132539477090344
105 0.26132539477090344
111 0.26132539477090344
149 0.26132539477090344
159 0.26132539477090344
176 0.26132539477090344
226 0.26132539477090344
251 0.26132539477090344
274 0.26132539477090344
290 0.26132539477090344
2164 0.26132539477090344
2392 0.26132539477090344
5 0.2613084837895554
17 0.2613084837895554
28 0.2613084837895554
29 0.2613084837895554
84 0.2613084837895554
99 0.2613084837895554
108 0.2613084837895554
178 0.2613084837895554
196 0.2613084837895554
310 0.2613084837895554
314 0.2613084837895554
2434 0.2613084837895554
45 0.2612915749967646
65 0.2612915749967646
79 0.2612915749967646
121 0.2612915749967646
143 0.2612915749967646
341 0.2612915749967646
22 0.2612746683921061
36 0.2612746683921061
50 0.2612746683921061
140 0.2612746683921061
165 0.2612746683921061
168 0.2612746683921061
177 0.2612746683921061
222 0.2612746683921061
268 0.2612746683921061
298 0.2612746683921061
318 0.2612746683921061
2407 0.2612746683921061
2 0.26125776397515527
4 0.26125776397515527
10 0.26125776397515527
69 0.26125776397515527
73 0.26125776397515527
135 0.26125776397515527
181 0.26125776397515527
225 0.26125776397515527
275 0.26125776397515527
278 0.26125776397515527
295 0.26125776397515527
309 0.26125776397515527
16 0.2612408617454875
38 0.2612408617454875
68 0.2612408617454875
78 0.2612408617454875
96 0.2612408617454875
100 0.2612408617454875
139 0.2612408617454875
195 0.2612408617454875
218 0.2612408617454875
230 0.2612408617454875
273 0.2612408617454875
306 0.2612408617454875
328 0.2612408617454875
337 0.2612408617454875
344 0.2612408617454875
1989 0.2612408617454875
8 0.2612239617026782
54 0.2612239617026782
60 0.2612239617026782
89 0.2612239617026782
91 0.2612239617026782
93 0.2612239617026782
106 0.2612239617026782
162 0.2612239617026782
221 0.2612239617026782
243 0.2612239617026782
259 0.2612239617026782
260 0.2612239617026782
319 0.2612239617026782
333 0.2612239617026782
1963 0.2612239617026782
2353 0.2612239617026782
2429 0.2612239617026782
51 0.2612070638463031
83 0.2612070638463031
126 0.2612070638463031
129 0.2612070638463031
131 0.2612070638463031
151 0.2612070638463031
167 0.2612070638463031
208 0.2612070638463031
237 0.2612070638463031
263 0.2612070638463031
296 0.2612070638463031
300 0.2612070638463031
311 0.2612070638463031
317 0.2612070638463031
338 0.2612070638463031
347 0.2612070638463031
2313 0.2612070638463031
6 0.2611901681759379
32 0.2611901681759379
44 0.2611901681759379
63 0.2611901681759379
77 0.2611901681759379
86 0.2611901681759379
95 0.2611901681759379
102 0.2611901681759379
117 0.2611901681759379
147 0.2611901681759379
219 0.2611901681759379
229 0.2611901681759379
340 0.2611901681759379
27 0.26117327469115836
46 0.26117327469115836
110 0.26117327469115836
152 0.26117327469115836
192 0.26117327469115836
193 0.26117327469115836
235 0.26117327469115836
245 0.26117327469115836
250 0.26117327469115836
264 0.26117327469115836
283 0.26117327469115836
49 0.2611563833915405
124 0.2611563833915405
174 0.2611563833915405
190 0.2611563833915405
201 0.2611563833915405
206 0.2611563833915405
220 0.2611563833915405
262 0.2611563833915405
270 0.2611563833915405
288 0.2611563833915405
289 0.2611563833915405
307 0.2611563833915405
327 0.2611563833915405
2161 0.2611563833915405
61 0.2611394942766604
71 0.2611394942766604
76 0.2611394942766604
81 0.2611394942766604
97 0.2611394942766604
112 0.2611394942766604
155 0.2611394942766604
157 0.2611394942766604
164 0.2611394942766604
179 0.2611394942766604
182 0.2611394942766604
191 0.2611394942766604
207 0.2611394942766604
228 0.2611394942766604
240 0.2611394942766604
247 0.2611394942766604
253 0.2611394942766604
293 0.2611394942766604
294 0.2611394942766604
301 0.2611394942766604
321 0.2611394942766604
336 0.2611394942766604
33 0.26112260734609416
35 0.26112260734609416
42 0.26112260734609416
47 0.26112260734609416
52 0.26112260734609416
70 0.26112260734609416
90 0.26112260734609416
138 0.26112260734609416
145 0.26112260734609416
153 0.26112260734609416
154 0.26112260734609416
160 0.26112260734609416
183 0.26112260734609416
205 0.26112260734609416
216 0.26112260734609416
233 0.26112260734609416
234 0.26112260734609416
241 0.26112260734609416
244 0.26112260734609416
255 0.26112260734609416
256 0.26112260734609416
267 0.26112260734609416
279 0.26112260734609416
282 0.26112260734609416
286 0.26112260734609416
305 0.26112260734609416
316 0.26112260734609416
11 0.26110572259941806
12 0.26110572259941806
15 0.26110572259941806
18 0.26110572259941806
37 0.26110572259941806
43 0.26110572259941806
74 0.26110572259941806
114 0.26110572259941806
209 0.26110572259941806
210 0.26110572259941806
215 0.26110572259941806
287 0.26110572259941806
292 0.26110572259941806
335 0.26110572259941806
2058 0.26105508145849493
2606 0.2610382054431443
2136 0.2610213316095669
2055 0.2610044599573395
1970 0.2609875904860393
2391 0.2609875904860393
2232 0.26097072319524334
2235 0.26095385808452887
2396 0.26093699515347335
2287 0.2609201344016542
2438 0.2609201344016542
2603 0.2609201344016542
2304 0.2608864194340354
2536 0.26083586331632325
2243 0.26076848563125604
2280 0.26076848563125604
2659 0.2607516466485858
1980 0.2607348098405114
1923 0.26071797520661155
1919 0.2607011427464652
1927 0.2607011427464652
1981 0.2607011427464652
2259 0.2607011427464652
2365 0.2607011427464652
2620 0.2607011427464652
2126 0.2606843124596514
2211 0.2606843124596514
2645 0.2606843124596514
2006 0.2606506584043377
2345 0.2606506584043377
2657 0.2606506584043377
2226 0.26063383463499645
2311 0.26063383463499645
2610 0.26063383463499645
1935 0.2606170130373048
2022 0.2606170130373048
2367 0.2606170130373048
2387 0.2606170130373048
2202 0.2606001936108422
2258 0.2606001936108422
2390 0.2606001936108422
2473 0.2606001936108422
2652 0.2606001936108422
2061 0.2605833763551884
2075 0.2605833763551884
2159 0.2605833763551884
2518 0.2605833763551884
2648 0.2605833763551884
1914 0.2605665612699232
2222 0.2605497483546264
2322 0.2605497483546264
2449 0.2605497483546264
2479 0.2605497483546264
2361 0.26053293760887797
2576 0.26053293760887797
1960 0.26049932262434683
2092 0.26049932262434683
2110 0.26049932262434683
2145 0.26049932262434683
2057 0.2604825183847245
2147 0.26046571631297166
2192 0.26046571631297166
2221 0.26046571631297166
2415 0.26046571631297166
2627 0.26046571631297166
2633 0.26046571631297166
1921 0.26044891640866874
2011 0.26044891640866874
2242 0.26044891640866874
2585 0.26044891640866874
1931 0.2604321186713963
1942 0.2604321186713963
1957 0.2604321186713963
2488 0.2604321186713963
2097 0.2604153231007352
2129 0.2604153231007352
2297 0.2604153231007352
2049 0.2603985296962662
2107 0.2603985296962662
2236 0.2603985296962662
2318 0.2603985296962662
2416 0.2603985296962662
2639 0.2603985296962662
1975 0.2603817384575703
1987 0.2603817384575703
2209 0.2603817384575703
2231 0.2603817384575703
2317 0.2603817384575703
2346 0.2603817384575703
2366 0.2603817384575703
2371 0.2603817384575703
2379 0.2603817384575703
2406 0.2603817384575703
2425 0.2603817384575703
2476 0.2603817384575703
2658 0.2603817384575703
1968 0.2603649493842285
2274 0.2603649493842285
2397 0.2603649493842285
2525 0.2603649493842285
2637 0.2603649493842285
1958 0.26034816247582204
1999 0.26034816247582204
2029 0.26034816247582204
2091 0.26034816247582204
2296 0.26034816247582204
2335 0.26034816247582204
2440 0.26034816247582204
2626 0.26034816247582204
2000 0.26033137773193216
2067 0.26033137773193216
2448 0.26033137773193216
2228 0.2603145951521403
2393 0.2603145951521403
2411 0.2603145951521403
2021 0.26029781473602787
2412 0.26029781473602787
2540 0.26029781473602787
2557 0.26029781473602787
2613 0.26029781473602787
2025 0.26028103648317646
2035 0.26028103648317646
2085 0.26028103648317646
2173 0.26028103648317646
1944 0.2602642603931679
2234 0.2602642603931679
2272 0.2602642603931679
2303 0.2602642603931679
2342 0.26024748646558393
2350 0.26024748646558393
2432 0.26024748646558393
2612 0.26024748646558393
2628 0.26024748646558393
2156 0.2602307147000064
2214 0.2602307147000064
2435 0.2602307147000064
2480 0.2602307147000064
2644 0.2602307147000064
2341 0.26021394509601753
2474 0.26021394509601753
2566 0.26021394509601753
2023 0.2601971776531993
2044 0.2601971776531993
2362 0.2601971776531993
2427 0.2601971776531993
2497 0.2601971776531993
1988 0.26018041237113404
2141 0.26018041237113404
2146 0.26018041237113404
2160 0.26018041237113404
2286 0.26018041237113404
2383 0.26018041237113404
2581 0.26018041237113404
1928 0.26016364924940405
2050 0.26016364924940405
2089 0.26016364924940405
2120 0.26016364924940405
2310 0.26016364924940405
2443 0.26016364924940405
2531 0.26016364924940405
2618 0.26016364924940405
3861 0.2601468882875918
1936 0.2601468882875918
2197 0.2601468882875918
2207 0.2601468882875918
2208 0.2601468882875918
2558 0.2601468882875918
2036 0.2601301294852799
2096 0.2601301294852799
2288 0.2601301294852799
2401 0.2601301294852799
2570 0.2601301294852799
2622 0.2601301294852799
3454 0.260113372842051
1965 0.260113372842051
1990 0.260113372842051
2260 0.260113372842051
2405 0.260113372842051
2577 0.260113372842051
1982 0.26009661835748793
2019 0.26009661835748793
2249 0.26009661835748793
2314 0.26009661835748793
2400 0.26009661835748793
2572 0.26009661835748793
2587 0.26009661835748793
2641 0.26009661835748793
2016 0.2600798660311735
2082 0.2600798660311735
2152 0.2600798660311735
2170 0.2600798660311735
2186 0.2600798660311735
2248 0.2600798660311735
2349 0.2600798660311735
2426 0.2600798660311735
2486 0.2600798660311735
2534 0.2600798660311735
2650 0.2600798660311735
1952 0.26006311586269076
2048 0.26006311586269076
2076 0.26006311586269076
2181 0.26006311586269076
2291 0.26006311586269076
2403 0.26006311586269076
2523 0.26006311586269076
2614 0.26006311586269076
3487 0.2600463678516229
2099 0.2600463678516229
2277 0.2600463678516229
2305 0.2600463678516229
2312 0.2600463678516229
2320 0.2600463678516229
2444 0.2600463678516229
2454 0.2600463678516229
2455 0.2600463678516229
2503 0.2600463678516229
2656 0.2600463678516229
1922 0.260029621997553
1978 0.260029621997553
1992 0.260029621997553
2012 0.260029621997553
2114 0.260029621997553
2119 0.260029621997553
2162 0.260029621997553
2270 0.260029621997553
2402 0.260029621997553
2490 0.260029621997553
2513 0.260029621997553
2584 0.260029621997553
3723 0.26001287830006437
2193 0.26001287830006437
2205 0.26001287830006437
2262 0.26001287830006437
2453 0.26001287830006437
2522 0.26001287830006437
2562 0.26001287830006437
2599 0.26001287830006437
3961 0.25999613675874056
1930 0.25999613675874056
2070 0.25999613675874056
2217 0.25999613675874056
2238 0.25999613675874056
2357 0.25999613675874056
2515 0.25999613675874056
2524 0.25999613675874056
1934 0.25997939737316506
1950 0.25997939737316506
2360 0.25997939737316506
2373 0.25997939737316506
2450 0.25997939737316506
1915 0.2599626601429215
1933 0.2599626601429215
2105 0.2599626601429215
2130 0.2599626601429215
2177 0.2599626601429215
2265 0.2599626601429215
2424 0.2599626601429215
2466 0.2599626601429215
2535 0.2599626601429215
2568 0.2599626601429215
2014 0.2599459250675937
2113 0.2599459250675937
2158 0.2599459250675937
2252 0.2599459250675937
2255 0.2599459250675937
2301 0.2599459250675937
2316 0.2599459250675937
2439 0.2599459250675937
2452 0.2599459250675937
1977 0.25992919214676535
2013 0.25992919214676535
2051 0.25992919214676535
2066 0.25992919214676535
2080 0.25992919214676535
2166 0.25992919214676535
2251 0.25992919214676535
2281 0.25992919214676535
2487 0.25992919214676535
2514 0.25992919214676535
2545 0.25992919214676535
1949 0.2599124613800206
1956 0.2599124613800206
2034 0.2599124613800206
2041 0.2599124613800206
2175 0.2599124613800206
2182 0.2599124613800206
2421 0.2599124613800206
2456 0.2599124613800206
2548 0.2599124613800206
1961 0.25989573276694344
1974 0.25989573276694344
2008 0.25989573276694344
2017 0.25989573276694344
2094 0.25989573276694344
2227 0.25989573276694344
2245 0.25989573276694344
2256 0.25989573276694344
2263 0.25989573276694344
2321 0.25989573276694344
2528 0.25989573276694344
2632 0.25989573276694344
2651 0.25989573276694344
1924 0.259879006307118
2100 0.259879006307118
2358 0.259879006307118
2375 0.259879006307118
2388 0.259879006307118
2493 0.259879006307118
2517 0.259879006307118
2580 0.259879006307118
2621 0.259879006307118
2015 0.2598622820001287
2167 0.2598622820001287
2219 0.2598622820001287
2230 0.2598622820001287
2422 0.2598622820001287
2431 0.2598622820001287
2437 0.2598622820001287
2505 0.2598622820001287
2634 0.2598622820001287
1937 0.25984555984555985
1969 0.25984555984555985
1996 0.25984555984555985
2106 0.25984555984555985
2204 0.25984555984555985
2441 0.25984555984555985
2527 0.25984555984555985
2565 0.25984555984555985
2168 0.25982883984299593
2178 0.25982883984299593
2380 0.25982883984299593
2442 0.25982883984299593
2481 0.25982883984299593
2483 0.25982883984299593
2595 0.25982883984299593
2382 0.25981212199202164
2541 0.25981212199202164
2079 0.2597954062922216
2195 0.2597954062922216
2269 0.2597954062922216
2457 0.2597954062922216
2470 0.2597954062922216
2569 0.2597954062922216
2596 0.2597954062922216
857 0.2542020774315392
3596 0.24042869901756472
3545 0.24038576020954874
3938 0.24038576020954874
3604 0.24028562927700087
3838 0.24007134363852556
3521 0.24002853236640312
3611 0.24001426533523537
3824 0.23991444358623967
3584 0.23990019011406843
3734 0.23990019011406843
3793 0.23990019011406843
3800 0.23990019011406843
3804 0.23990019011406843
3506 0.23988593833541258
3586 0.2398716882499703
3448 0.2398716882499703
3488 0.2398716882499703
3593 0.2398716882499703
3672 0.2398716882499703
3930 0.2398716882499703
3966 0.2398716882499703
3971 0.2398716882499703
3968 0.23985743985743985
3442 0.2398431931575196
3449 0.2398431931575196
3790 0.2398431931575196
3758 0.23982894814990793
3906 0.23982894814990793
3680 0.23981470483430334
3926 0.23981470483430334
3576 0.2398004632104044
3640 0.2398004632104044
3902 0.2398004632104044
3514 0.23978622327790972
3842 0.23978622327790972
3924 0.23978622327790972
3731 0.239771985036518
3605 0.239757748485928
3737 0.239757748485928
3455 0.23974351362583862
3558 0.23974351362583862
3702 0.23974351362583862
3705 0.23974351362583862
3873 0.23974351362583862
3625 0.23972928045594868
3629 0.23972928045594868
3829 0.23972928045594868
3860 0.23972928045594868
3528 0.23971504897595725
3529 0.23970081918556332
3568 0.23970081918556332
3794 0.23970081918556332
3810 0.23970081918556332
3951 0.23970081918556332
3884 0.23968659108446605
3900 0.23968659108446605
3945 0.23968659108446605
3518 0.23967236467236466
3542 0.23967236467236466
3553 0.23967236467236466
3599 0.23967236467236466
3617 0.23967236467236466
3687 0.23967236467236466
3722 0.23967236467236466
3841 0.23967236467236466
3475 0.23965813994895838
3782 0.23965813994895838
3826 0.23965813994895838
3833 0.23965813994895838
3858 0.23965813994895838
3869 0.23965813994895838
3947 0.23965813994895838
3464 0.23964391691394657
3557 0.23964391691394657
3918 0.23964391691394657
3486 0.23962969556702865
3526 0.23962969556702865
3738 0.23962969556702865
3822 0.23962969556702865
3921 0.23962969556702865
3468 0.23961547590790408
3693 0.23961547590790408
3711 0.23961547590790408
3764 0.23961547590790408
3460 0.23960125793627246
3469 0.23960125793627246
3728 0.23960125793627246
3730 0.23960125793627246
3828 0.23960125793627246
3559 0.23958704165183337
3590 0.23958704165183337
3635 0.23958704165183337
3718 0.23958704165183337
3740 0.23958704165183337
3825 0.23958704165183337
3466 0.23957282705428654
3569 0.23957282705428654
3690 0.23957282705428654
3710 0.23957282705428654
3713 0.23957282705428654
3714 0.23957282705428654
3821 0.23957282705428654
3835 0.23957282705428654
3867 0.23957282705428654
3870 0.23957282705428654
3907 0.23957282705428654
3471 0.23955861414333174
3480 0.23955861414333174
3505 0.23955861414333174
3636 0.23955861414333174
3706 0.23955861414333174
3753 0.23955861414333174
3831 0.23955861414333174
3969 0.23955861414333174
3438 0.2395444029186688
3463 0.2395444029186688
3497 0.2395444029186688
3508 0.2395444029186688
3578 0.2395444029186688
3643 0.2395444029186688
3707 0.2395444029186688
3891 0.2395444029186688
3927 0.2395444029186688
3956 0.2395444029186688
3491 0.23953019337999762
3527 0.23953019337999762
3534 0.23953019337999762
3628 0.23953019337999762
3642 0.23953019337999762
3667 0.23953019337999762
3719 0.23953019337999762
3768 0.23953019337999762
3443 0.2395159855270182
3509 0.2395159855270182
3511 0.2395159855270182
3573 0.2395159855270182
3634 0.2395159855270182
3656 0.2395159855270182
3670 0.2395159855270182
3747 0.2395159855270182
3836 0.2395159855270182
3852 0.2395159855270182
3909 0.2395159855270182
3915 0.2395159855270182
3931 0.2395159855270182
3933 0.2395159855270182
3779 0.2395017793594306
3499 0.2395017793594306
3554 0.2395017793594306
3601 0.2395017793594306
3648 0.2395017793594306
3697 0.2395017793594306
3761 0.2395017793594306
3786 0.2395017793594306
3791 0.2395017793594306
3803 0.2395017793594306
3896 0.2395017793594306
3458 0.23948757487693492
3462 0.23948757487693492
3500 0.23948757487693492
3510 0.23948757487693492
3538 0.23948757487693492
3555 0.23948757487693492
3615 0.23948757487693492
3618 0.23948757487693492
3845 0.23948757487693492
3850 0.23948757487693492
3517 0.2394733720792314
3485 0.2394733720792314
3493 0.2394733720792314
3496 0.2394733720792314
3535 0.2394733720792314
3591 0.2394733720792314
3608 0.2394733720792314
3612 0.2394733720792314
3623 0.2394733720792314
3627 0.2394733720792314
3725 0.2394733720792314
3743 0.2394733720792314
3752 0.2394733720792314
3759 0.2394733720792314
3776 0.2394733720792314
3785 0.2394733720792314
3862 0.2394733720792314
3866 0.2394733720792314
3450 0.23945917096602026
3474 0.23945917096602026
3498 0.23945917096602026
3645 0.23945917096602026
3698 0.23945917096602026
3774 0.23945917096602026
3868 0.23945917096602026
3881 0.23945917096602026
3903 0.23945917096602026
3913 0.23945917096602026
3957 0.23945917096602026
3972 0.23945917096602026
3473 0.2394449715370019
3478 0.2394449715370019
3519 0.2394449715370019
3563 0.2394449715370019
3564 0.2394449715370019
3571 0.2394449715370019
3587 0.2394449715370019
3602 0.2394449715370019
3646 0.2394449715370019
3662 0.2394449715370019
3683 0.2394449715370019
3757 0.2394449715370019
3760 0.2394449715370019
3762 0.2394449715370019
3837 0.2394449715370019
3960 0.2394449715370019
3452 0.23943077379187666
3465 0.23943077379187666
3470 0.23943077379187666
3524 0.23943077379187666
3546 0.23943077379187666
3579 0.23943077379187666
3620 0.23943077379187666
3658 0.23943077379187666
3735 0.23943077379187666
3780 0.23943077379187666
3802 0.23943077379187666
3809 0.23943077379187666
3898 0.23943077379187666
3920 0.23943077379187666
3950 0.23943077379187666
3967 0.23943077379187666
3459 0.23941657773034505
3472 0.23941657773034505
3476 0.23941657773034505
3479 0.23941657773034505
3484 0.23941657773034505
3490 0.23941657773034505
3532 0.23941657773034505
3533 0.23941657773034505
3549 0.23941657773034505
3562 0.23941657773034505
3574 0.23941657773034505
3610 0.23941657773034505
3613 0.23941657773034505
3649 0.23941657773034505
3655 0.23941657773034505
3685 0.23941657773034505
3695 0.23941657773034505
3696 0.23941657773034505
3701 0.23941657773034505
3703 0.23941657773034505
3708 0.23941657773034505
3726 0.23941657773034505
3739 0.23941657773034505
3792 0.23941657773034505
3815 0.23941657773034505
3855 0.23941657773034505
3883 0.23941657773034505
3889 0.23941657773034505
3912 0.23941657773034505
3917 0.23941657773034505
3929 0.23941657773034505
3964 0.23941657773034505
3975 0.23941657773034505
3976 0.23941657773034505
3621 0.23940238335210764
3481 0.23940238335210764
3516 0.23940238335210764
3523 0.23940238335210764
3567 0.23940238335210764
3595 0.23940238335210764
3624 0.23940238335210764
3663 0.23940238335210764
3675 0.23940238335210764
3715 0.23940238335210764
3773 0.23940238335210764
3799 0.23940238335210764
3818 0.23940238335210764
3823 0.23940238335210764
3874 0.23940238335210764
3937 0.23940238335210764
3482 0.23938819065686506
3483 0.23938819065686506
3503 0.23938819065686506
3512 0.23938819065686506
3547 0.23938819065686506
3630 0.23938819065686506
3644 0.23938819065686506
3657 0.23938819065686506
3679 0.23938819065686506
3769 0.23938819065686506
3778 0.23938819065686506
3783 0.23938819065686506
3819 0.23938819065686506
3847 0.23938819065686506
3892 0.23938819065686506
3895 0.23938819065686506
3944 0.23938819065686506
3541 0.23937399964431796
3581 0.23937399964431796
3594 0.23937399964431796
3616 0.23937399964431796
3622 0.23937399964431796
3639 0.23937399964431796
3654 0.23937399964431796
3736 0.23937399964431796
3763 0.23937399964431796
3784 0.23937399964431796
3788 0.23937399964431796
3817 0.23937399964431796
3832 0.23937399964431796
3840 0.23937399964431796
3919 0.23937399964431796
3949 0.23937399964431796
3979 0.23937399964431796
3626 0.23935981031416714
3446 0.23935981031416714
3515 0.23935981031416714
3536 0.23935981031416714
3598 0.23935981031416714
3638 0.23935981031416714
3668 0.23935981031416714
3796 0.23935981031416714
3857 0.23935981031416714
3863 0.23935981031416714
3940 0.23935981031416714
3520 0.23934562266611342
3539 0.23934562266611342
3543 0.23934562266611342
3583 0.23934562266611342
3614 0.23934562266611342
3631 0.23934562266611342
3641 0.23934562266611342
3659 0.23934562266611342
3664 0.23934562266611342
3681 0.23934562266611342
3720 0.23934562266611342
3766 0.23934562266611342
3767 0.23934562266611342
3770 0.23934562266611342
3777 0.23934562266611342
3878 0.23934562266611342
3880 0.23934562266611342
3888 0.23934562266611342
3934 0.23934562266611342
3439 0.23933143669985774
3492 0.23933143669985774
3507 0.23933143669985774
3522 0.23933143669985774
3531 0.23933143669985774
3551 0.23933143669985774
3566 0.23933143669985774
3580 0.23933143669985774
3603 0.23933143669985774
3666 0.23933143669985774
3671 0.23933143669985774
3682 0.23933143669985774
3775 0.23933143669985774
3876 0.23933143669985774
3894 0.23933143669985774
3958 0.23933143669985774
3461 0.23931725241510104
3502 0.23931725241510104
3504 0.23931725241510104
3530 0.23931725241510104
3548 0.23931725241510104
3572 0.23931725241510104
3585 0.23931725241510104
3607 0.23931725241510104
3647 0.23931725241510104
3712 0.23931725241510104
3754 0.23931725241510104
3755 0.23931725241510104
3772 0.23931725241510104
3789 0.23931725241510104
3814 0.23931725241510104
3827 0.23931725241510104
3843 0.23931725241510104
3871 0.23931725241510104
3901 0.23931725241510104
3905 0.23931725241510104
3914 0.23931725241510104
3932 0.23931725241510104
3973 0.23931725241510104
3445 0.23930306981154437
3552 0.23930306981154437
3600 0.23930306981154437
3652 0.23930306981154437
3669 0.23930306981154437
3700 0.23930306981154437
3716 0.23930306981154437
3771 0.23930306981154437
3812 0.23930306981154437
3813 0.23930306981154437
3834 0.23930306981154437
3864 0.23930306981154437
3899 0.23930306981154437
3904 0.23930306981154437
3908 0.23930306981154437
3911 0.23930306981154437
3916 0.23930306981154437
3923 0.23930306981154437
3941 0.23930306981154437
3441 0.23928888888888888
3447 0.23928888888888888
3457 0.23928888888888888
3477 0.23928888888888888
3513 0.23928888888888888
3632 0.23928888888888888
3660 0.23928888888888888
3661 0.23928888888888888
3665 0.23928888888888888
3724 0.23928888888888888
3727 0.23928888888888888
3745 0.23928888888888888
3749 0.23928888888888888
3751 0.23928888888888888
3806 0.23928888888888888
3848 0.23928888888888888
3859 0.23928888888888888
3893 0.23928888888888888
3936 0.23928888888888888
3963 0.23928888888888888
3970 0.23928888888888888
3977 0.23928888888888888
3444 0.23927470964683573
3489 0.23927470964683573
3544 0.23927470964683573
3606 0.23927470964683573
3637 0.23927470964683573
3676 0.23927470964683573
3678 0.23927470964683573
3694 0.23927470964683573
3742 0.23927470964683573
3787 0.23927470964683573
3795 0.23927470964683573
3805 0.23927470964683573
3839 0.23927470964683573
3844 0.23927470964683573
3849 0.23927470964683573
3887 0.23927470964683573
3890 0.23927470964683573
3925 0.23927470964683573
3494 0.23926053208508619
3537 0.23926053208508619
3565 0.23926053208508619
3588 0.23926053208508619
3619 0.23926053208508619
3653 0.23926053208508619
3673 0.23926053208508619
3686 0.23926053208508619
3765 0.23926053208508619
3781 0.23926053208508619
3865 0.23926053208508619
3882 0.23926053208508619
3897 0.23926053208508619
3910 0.23926053208508619
3939 0.23926053208508619
3946 0.23926053208508619
3952 0.23926053208508619
3953 0.23926053208508619
3954 0.23926053208508619
3965 0.23926053208508619
3978 0.23926053208508619
3467 0.23924635620334161
3560 0.23924635620334161
3575 0.23924635620334161
3582 0.23924635620334161
3597 0.23924635620334161
3689 0.23924635620334161
3691 0.23924635620334161
3699 0.23924635620334161
3717 0.23924635620334161
3733 0.23924635620334161
3744 0.23924635620334161
3801 0.23924635620334161
3811 0.23924635620334161
3816 0.23924635620334161
3928 0.23924635620334161
3955 0.23924635620334161
3589 0.2392321820013034
3688 0.2392321820013034
3704 0.2392321820013034
3732 0.2392321820013034
3746 0.2392321820013034
3807 0.2392321820013034
3808 0.2392321820013034
3846 0.2392321820013034
3854 0.2392321820013034
3875 0.2392321820013034
3879 0.2392321820013034
3885 0.2392321820013034
3922 0.2392321820013034
3942 0.2392321820013034
3959 0.2392321820013034
3451 0.23921800947867297
3453 0.23921800947867297
3570 0.23921800947867297
3650 0.23921800947867297
3709 0.23921800947867297
3729 0.23921800947867297
3748 0.23921800947867297
3798 0.23921800947867297
3820 0.23921800947867297
3853 0.23921800947867297
3856 0.23921800947867297
3935 0.23921800947867297
3974 0.23921800947867297
865 0.23234938719143794
868 0.23234938719143794
3980 0.22544804868516552
4031 0.22484548137424132
3989 0.22478289913159652
4011 0.22475787598797728
686 0.21691018478727978
828 0.21585502752980165
713 0.21576275714667378
805 0.2157051282051282
719 0.21568208524730262
745 0.21560147365048854
747 0.21560147365048854
823 0.2155899626268019
830 0.21557845283220328
697 0.2155439308209672
703 0.2154404310942752
856 0.21539446311409824
774 0.21537148647927887
800 0.21537148647927887
819 0.21537148647927887
810 0.2153140663325157
708 0.2152796289385296
840 0.21525667679513832
803 0.2151763828199936
772 0.21515345268542196
804 0.21513052743740008
769 0.21511906664535718
729 0.2150961487242316
753 0.2150961487242316
776 0.21505032752835915
811 0.21505032752835915
798 0.21502742425049257
825 0.21501597444089454
880 0.2143653448001274
890 0.21384313933167398
869 0.21376389624139755
889 0.2136055861193398
863 0.21358298952713423
876 0.21358298952713423
861 0.21357169302374782
878 0.21357169302374782
888 0.2135603977152528
882 0.21354910360145962
864 0.2134813639968279
871 0.2134813639968279
893 0.21347007824064282
886 0.21345879367764445
885 0.21343622813045085
867 0.21342494714587737
870 0.21341366735373393
872 0.21341366735373393
874 0.21341366735373393
881 0.21341366735373393
873 0.2134023887538315
879 0.2134023887538315
887 0.2134023887538315
895 0.2134023887538315
858 0.21339111134598107
866 0.21339111134598107
877 0.21337983512999364
884 0.21337983512999364
894 0.21337983512999364
859 0.21335728627285216
875 0.21334601363132033
883 0.21334601363132033
891 0.21334601363132033
892 0.21334601363132033
4030 0.1841313269493844
4023 0.1841229310108978
3982 0.1840893549122407
3998 0.1840893549122407
4014 0.18407257145462003
3994 0.1840641808733704
3997 0.1840641808733704
4021 0.1840641808733704
4004 0.18405579105702174
4009 0.18405579105702174
3986 0.18404740200546946
3995 0.18404740200546946
4000 0.18404740200546946
4017 0.18404740200546946
4026 0.18404740200546946
4038 0.18404740200546946
3981 0.18403901371860898
4019 0.18403901371860898
4020 0.18403901371860898
3988 0.18403062619633578
4002 0.18403062619633578
4018 0.18403062619633578
4027 0.18403062619633578
3985 0.18402223943854532
3993 0.18402223943854532
4013 0.18402223943854532
4003 0.18401385344513305
3990 0.18400546821599453
3996 0.18400546821599453
3999 0.18400546821599453
4007 0.18400546821599453
4016 0.18400546821599453
4025 0.18400546821599453
4037 0.18400546821599453
3991 0.18399708375102525
3992 0.18399708375102525
4005 0.18399708375102525
4033 0.18399708375102525
3983 0.18398870005012075
3987 0.18398870005012075
4001 0.18398870005012075
4006 0.18398870005012075
4012 0.18398870005012075
4028 0.18398870005012075
4029 0.18398870005012075
4032 0.18398870005012075
4034 0.18398870005012075
4036 0.18398870005012075
3984 0.18398031711317658
4008 0.18398031711317658
4010 0.18398031711317658
4015 0.18398031711317658
4022 0.18398031711317658
4024 0.18398031711317658
4035 0.18398031711317658
705 0.17880706726298545
824 0.17872792457840925
688 0.178696287117759
694 0.178696287117759
781 0.17868047258728265
815 0.1786488519223112
724 0.17864094850468945
728 0.17863304578633046
827 0.17862514376714148
853 0.17860934182590235
834 0.1786014419036667
695 0.17858564415549955
784 0.17857774632938264
820 0.1785698492017866
849 0.1785698492017866
687 0.17856195277261874
752 0.17856195277261874
842 0.17855405704178642
726 0.17854616200919704
773 0.17854616200919704
766 0.17853826767475794
780 0.17853037403837652
829 0.17852248109996022
696 0.17851458885941646
760 0.17850669731665267
838 0.17850669731665267
754 0.17849880647157634
718 0.17849091632409497
739 0.17849091632409497
807 0.17849091632409497
787 0.178483026874116
731 0.17847513812154697
764 0.17847513812154697
797 0.17847513812154697
814 0.17847513812154697
727 0.17846725006629544
770 0.17846725006629544
847 0.17846725006629544
738 0.1784593627082689
765 0.17845147604737494
817 0.17844359008352115
701 0.17843570481661514
734 0.17843570481661514
792 0.17843570481661514
845 0.17843570481661514
763 0.17842782024656445
848 0.17842782024656445
835 0.1784199363732768
711 0.17841205319665976
748 0.17841205319665976
755 0.17841205319665976
758 0.17841205319665976
782 0.17841205319665976
793 0.17841205319665976
720 0.178404170716621
706 0.17839628893306828
709 0.17839628893306828
777 0.17839628893306828
779 0.17839628893306828
783 0.17839628893306828
809 0.17839628893306828
730 0.17838840784590917
741 0.17838840784590917
795 0.17838840784590917
818 0.17838840784590917
735 0.17838052745505148
737 0.17838052745505148
778 0.17838052745505148
693 0.17837264776040287
831 0.17837264776040287
844 0.17837264776040287
771 0.17836476876187113
806 0.17836476876187113
822 0.17836476876187113
833 0.17836476876187113
839 0.17836476876187113
843 0.17836476876187113
714 0.17835689045936398
722 0.17835689045936398
732 0.17835689045936398
736 0.17835689045936398
762 0.17835689045936398
768 0.17835689045936398
794 0.17835689045936398
837 0.17835689045936398
712 0.1783490128527892
716 0.1783490128527892
723 0.1783490128527892
751 0.1783490128527892
789 0.1783490128527892
742 0.1783411359420546
799 0.1783411359420546
826 0.1783411359420546
836 0.1783411359420546
715 0.17833325972706798
756 0.17833325972706798
759 0.17833325972706798
707 0.17832538420773716
813 0.17832538420773716
850 0.17832538420773716
690 0.17831750938396998
710 0.17831750938396998
746 0.17831750938396998
761 0.17831750938396998
786 0.17831750938396998
808 0.17831750938396998
812 0.17831750938396998
816 0.17831750938396998
821 0.17831750938396998
689 0.1783096352556743
702 0.1783096352556743
725 0.1783096352556743
733 0.1783096352556743
740 0.1783096352556743
767 0.1783096352556743
700 0.178301761822758
791 0.178301761822758
796 0.178301761822758
846 0.178301761822758
691 0.17829388908512894
721 0.17829388908512894
704 0.17828601704269506
802 0.17828601704269506
832 0.17828601704269506
851 0.17828601704269506
717 0.17827814569536424
757 0.17827814569536424
788 0.17827814569536424
790 0.17827814569536424
852 0.17827814569536424
855 0.17827814569536424
743 0.17827027504304446
785 0.17827027504304446
854 0.17827027504304446
699 0.17826240508564367
744 0.17826240508564367
749 0.17826240508564367
750 0.17826240508564367
775 0.17826240508564367
841 0.17826240508564367
692 0.1782545358230698
801 0.1782545358230698
