3437 0.00757571038900773
107 0.006888251592292148
1684 0.006309430901497013
0 0.006226930847926593
1912 0.0038175732371716472
348 0.002318470352922162
686 0.0022167709853124196
3980 0.0021572738999078803
414 0.001783284709001403
483 0.0012946638719888402
698 0.0012923251337102798
3830 0.0011866792659329338
376 0.0008970058485312937
2047 0.0008308657131498097
56 0.0008102452227197322
25 0.0008041552222022954
828 0.0007943958046839155
322 0.0007913100264849462
475 0.0007813038362620806
67 0.0007785151812907676
428 0.0007754178949353139
3596 0.0007747970508474103
713 0.0007524933063848791
271 0.0007519161220546718
3545 0.0007360379531759235
3938 0.0007350342310630501
563 0.0007335267462620568
119 0.0007334898572094347
2313 0.0007304326804037679
917 0.0007282030791131064
1888 0.0007278930655923215
277 0.0007226328009105517
1800 0.0007134294061937898
3604 0.000705092652256175
26 0.0006980386641962261
21 0.0006966724699415982
705 0.0006863129136070926
1352 0.0006831312089707925
2543 0.0006811701343803125
1663 0.000679020446351554
1730 0.0006752910362540211
252 0.0006751769594148571
1431 0.000670464446358041
3101 0.0006696621961871675
1086 0.0006694832410622294
2951 0.0006688958440001438
412 0.0006665480770959379
3291 0.0006654877479553343
637 0.0006653056352693589
122 0.000664934690967978
3521 0.0006625929461893692
805 0.0006598417124263247
1783 0.0006538239645308049
3397 0.000646467646409762
1584 0.0006459003803203226
719 0.0006407756936438344
373 0.0006379149877178643
2347 0.0006375876030858784
2863 0.0006353807232011754
136 0.0006340009779074998
3684 0.0006337285002947789
517 0.0006328930160212574
239 0.000629769739799222
3320 0.0006287095668398322
1768 0.000628578403813503
2742 0.00062452638196139
3082 0.0006244973241981959
2839 0.0006230687218990239
2730 0.0006213244895472232
1199 0.0006185158280540675
484 0.0006169009525235714
353 0.0006110033391623689
3280 0.0006068511568950492
315 0.0006068283128135162
203 0.0006055468809168932
9 0.0006045912343579175
3633 0.0006008703582795039
3363 0.0005987960302850319
1827 0.000597940661469186
363 0.0005969668719888693
200 0.0005957093965523029
747 0.000593292812850789
3756 0.0005924175456120969
1085 0.0005921977667743497
1472 0.000585843820014523
896 0.0005856472076989146
366 0.0005840051030431673
1589 0.0005828601189700722
745 0.0005826233737947402
513 0.0005816608888447039
2384 0.000581056711355747
304 0.0005800901850712804
3154 0.0005794666879171963
1126 0.0005781280145970878
1746 0.0005771116843303469
2133 0.0005766017486263119
1277 0.000576387997058338
3434 0.0005704987608071143
2754 0.0005704390565414564
553 0.0005701019895489073
