107 0.5664891860657172
1684 0.49155935281492924
1912 0.44792388971436675
58 0.4366600627373284
428 0.42906554399865293
563 0.4260937757965727
0 0.4185198943371041
483 0.41125557206534535
348 0.4111730229486209
1577 0.4089854713554426
1718 0.4070455671124177
171 0.4070249298332508
414 0.4038055142809656
1666 0.40104011887073054
1534 0.4006686478454706
1465 0.4004829123328238
376 0.39912085190685515
475 0.39775879148090215
1171 0.3972015849430444
566 0.3931773155026967
484 0.39272329536071204
353 0.3922280006603655
1085 0.3906224203400907
3437 0.3896731054977727
1663 0.38958642892519235
1352 0.38946260525010573
651 0.38880221231630246
1505 0.3855208849265331
1126 0.3850049529469866
1405 0.384406471850753
1835 0.38409691266301854
420 0.3839730889879233
1621 0.3838905398712068
1376 0.38380799075448285
1656 0.3824252930493662
990 0.3818061746739328
1642 0.3816823509988461
1758 0.38155852732375944
1419 0.3811870562984994
925 0.3811664190193006
1450 0.38106323262341274
1726 0.3808155852732394
1361 0.38021710417697024
517 0.37992818226843317
1522 0.37980435859334755
1687 0.3798043585933422
1173 0.3792058774970964
1165 0.3790820538220042
366 0.37902014198446454
526 0.378896318309378
916 0.37868994551756785
580 0.3785661218424717
606 0.3783597490506696
1136 0.377740630675231
1509 0.3774929833250643
1420 0.3764404820868191
1888 0.3756356281987638
1800 0.37538798084859054
1617 0.37497523526496873
641 0.37493396070660606
1334 0.3744386660062601
1029 0.3741703813769059
921 0.37361317483901574
1536 0.3731591546970311
1289 0.37307660558030703
1730 0.37303533102194386
1086 0.37301469374276297
1688 0.3729115073468579
1358 0.37270513455504667
1590 0.37216856529633874
1584 0.3720860161796129
1483 0.37187964338780277
1074 0.37163199603762964
1574 0.3715081723625425
1431 0.3714256232458171
1312 0.37117797589564566
1199 0.37105415222055715
1768 0.3709303285454706
1320 0.37080650487038497
1070 0.37043503384512516
1237 0.3700635628198652
363 0.36993973914477646
1540 0.36989846458641656
601 0.369650817236243
1182 0.3695682681195194
1589 0.36956826811951704
637 0.36932062076934324
1746 0.36919679709425707
1369 0.36907297341917356
1692 0.3690729734191721
1827 0.3690729734191704
1523 0.36903169886080994
1028 0.3687840515106367
1782 0.3687840515106367
930 0.3687015023939123
1545 0.36870150239391225
1179 0.36866022783555
1377 0.3685776787188238
1612 0.3684951296020998
1702 0.3683300313686526
1374 0.3683300313686523
1804 0.3683300313686504
1338 0.36824748225192777
1549 0.36820620769356605
1390 0.36808238401847704
1833 0.3678347366683038
1513 0.36771091299321956
1078 0.3677109129932172
1313 0.3673394419679592
1714 0.36733944196795715
1559 0.36721561829287047
1013 0.3671743437345103
1485 0.36709179461778635
1707 0.36709179461778385
1327 0.3669679709426995
1217 0.36688542182597494
1622 0.3668854218259731
1300 0.36680287270925055
1613 0.3667203235925238
1863 0.3665552253590771
1425 0.3664726762423529
1778 0.3663901271256285
1610 0.3663488525672638
1512 0.36630757800890407
1740 0.36622502889217967
1399 0.3662250288921771
1114 0.36610120521709305
1846 0.36597738154200665
1618 0.3659773815420058
1391 0.3658535578669171
1446 0.3658122833085576
1210 0.36581228330855753
1909 0.3658122833085574
1408 0.36568845963347096
1367 0.3656059105167439
1211 0.3656059105167438
1911 0.3655646359583841
946 0.3655233614000199
1077 0.36535826316657305
1551 0.3653582631665705
1109 0.36531698860821094
1813 0.3652138022123028
1471 0.36511061581639714
1626 0.36506934125803736
1226 0.36498679214131324
538 0.36480105662868023
1238 0.3647185075119562
1059 0.36461532111605055
1839 0.36461532111605055
1458 0.36457404655769077
915 0.36436767376588
1604 0.3642232128116096
1440 0.364202575532431
962 0.3641200264157068
993 0.364120026415704
1554 0.3639962027406173
908 0.3639549281822576
1516 0.3638723790655306
1557 0.363748555390444
1184 0.36374855539044393
1196 0.3637072808320843
917 0.3636866435529008
1852 0.3636247317153602
1769 0.3635834571569977
1836 0.3635834571569977
1777 0.36350090804027363
1185 0.3635009080402706
1736 0.3635009080402706
1883 0.36337708436518745
951 0.3633770843651869
1593 0.36331517252763423
1780 0.36321198613173794
1555 0.3630675251774605
1360 0.36302625061909805
1799 0.3630056133399239
896 0.3627786032689319
1879 0.3627579659897506
1598 0.3627373287105696
1146 0.36271669143138857
1553 0.36269605415220013
1329 0.36267541687302673
1098 0.36265477959383907
1017 0.36263414231466395
1745 0.36255159319794267
1277 0.3625309559187586
1620 0.3624896813603964
1806 0.3624896813603894
1197 0.3623452204061313
1817 0.3623452204061313
1825 0.36228330856857843
1331 0.362262671289404
1662 0.362262671289404
1317 0.3622420340102169
1511 0.36224203401021615
1567 0.3622007594518536
1808 0.3621801221726828
1603 0.3621388476143173
1793 0.3621388476143173
1250 0.36201502393923074
1307 0.3619531121016803
1866 0.3619531121016803
1783 0.36191183754332523
1006 0.36176737658905733
1076 0.36176737658905733
1132 0.36176737658905733
1222 0.36176737658905733
1447 0.36176737658905733
1107 0.36164355291397066
1274 0.361622915634783
1697 0.36147845468052486
1705 0.36145781740133376
1153 0.3613959055637973
1717 0.3613959055637973
1494 0.36133399372624714
1847 0.36133399372624714
1175 0.36131335644707324
1791 0.3612720818887107
1803 0.3612101700511605
1669 0.36114825821362395
1421 0.36108634637607384
1588 0.3609625227009872
1256 0.3609006108634506
1488 0.3609006108634506
1193 0.3607148753508148
1410 0.360714875350814
1104 0.3606736007924585
1187 0.3605910516757273
1328 0.3605910516757273
1456 0.36052913983819057
1537 0.3604672280006407
1719 0.3604672280006407
1204 0.3604259534422852
1757 0.3604053161631039
1816 0.3604053161631039
1255 0.36032276704637994
1467 0.36032276704637994
1124 0.3602814924880172
1902 0.3602814924880172
1178 0.36021958065046783
980 0.36003384513784387
1335 0.36003384513784387
1665 0.3599100214627572
1823 0.3599100214627572
1088 0.3598481096252075
1518 0.3598481096252075
1269 0.3597861977876705
1750 0.3597861977876705
1230 0.3596623741125839
1491 0.3596623741125839
1600 0.35953855043749733
1570 0.3595385504374973
1689 0.3595385504374973
1079 0.3594147267624106
1101 0.3594147267624106
1341 0.3594147267624106
1683 0.3594147267624106
1867 0.3594147267624106
953 0.35939408948322954
1117 0.3592909030873239
1330 0.3592909030873239
1547 0.3592909030873239
1668 0.3592909030873239
1128 0.3592289912497808
1014 0.3591877166914186
1192 0.3591877166914186
1761 0.35916707941223724
1868 0.35916707941223724
596 0.35908453029551246
1004 0.3590432557371506
1267 0.3590432557371506
1786 0.3589400693412452
389 0.3589400693412449
1842 0.358919432062064
1849 0.358919432062064
1416 0.3587956083869774
567 0.35877909856365436
1191 0.3586717847118907
1125 0.35867178471189065
1520 0.35867178471189065
1608 0.35867178471189065
1675 0.35867178471189065
1235 0.35846541192007964
947 0.3584241373617173
966 0.3584241373617173
1721 0.3584241373617173
1752 0.3584241373617173
1864 0.35830031368663073
1214 0.3583003136866306
1619 0.3583003136866306
967 0.3582177645699066
1172 0.358176490011544
1291 0.358176490011544
1809 0.358176490011544
1243 0.3580526663364573
1370 0.3580526663364573
1563 0.3580526663364573
1597 0.3580526663364573
1735 0.35768119531119735
1844 0.35766055803201663
1048 0.3576399207528353
1305 0.3574748225193864
1487 0.35745418524020545
1302 0.357433547961024
1871 0.3573303615651186
1861 0.3573097242859374
1083 0.3573097242859373
1409 0.3573097242859373
1032 0.3572478124483942
1893 0.35724781244839415
1637 0.3572271751692132
1459 0.3571859006108507
1530 0.35718590061085065
1712 0.35718590061085065
1886 0.35718590061085065
1427 0.3571652633316699
978 0.357062076935764
1741 0.357062076935764
1025 0.3570414396565828
960 0.3569382532606773
1789 0.3569382532606773
1345 0.3568969787023151
1661 0.35683506686477195
1729 0.35683506686477195
1149 0.3568144295855906
1205 0.3568144295855906
1810 0.3568144295855906
1826 0.3568144295855906
1160 0.35679379230640956
1742 0.3567112431896853
1899 0.3567112431896853
1845 0.35669060591050394
1898 0.35669060591050394
1645 0.35662869407296094
1480 0.35656678223541777
1242 0.3565667822354174
1163 0.35656678223541727
1339 0.35656678223541727
1623 0.35656678223541727
1643 0.35656678223541727
1609 0.3564429585603307
1156 0.3564429585603306
1475 0.35638104672278753
1344 0.356319134885244
1075 0.35625722304770074
1573 0.35619531121015735
1583 0.35619531121015724
1472 0.3561127620934329
1616 0.3560921248142521
997 0.3560714875350706
1271 0.3560714875350706
1322 0.35603021297670845
1515 0.3560095756975275
1373 0.3559683011391652
1003 0.355947663859984
1591 0.355947663859984
1080 0.3559270265808033
1882 0.35584447746407877
1611 0.35584447746407855
1290 0.3558238401848974
1049 0.3557825656265355
2543 0.35577490035142784
1685 0.35570001650981065
1148 0.35567937923062976
1630 0.35567937923062976
1122 0.3555968301139054
1288 0.35557619283472397
1479 0.35553491827636186
1272 0.3553698200429133
1066 0.35534918276373195
1261 0.35534918276373195
1282 0.35534918276373195
1449 0.3553285454845506
1605 0.3553285454845506
1628 0.35528727092618856
1435 0.3552253590886454
1495 0.3552253590886453
1820 0.3552253590886453
1181 0.35520472180946394
1795 0.35520472180946394
1158 0.3551015354135586
1819 0.35508089813437727
1680 0.3550189862968342
942 0.3549777117384719
1155 0.35493643718010986
1273 0.35493643718010964
1528 0.3547507016674804
1894 0.3547300643882986
906 0.3547094271091174
1024 0.35470942710911735
1380 0.35470942710911735
1473 0.3546887898299365
1639 0.3546268779923935
952 0.35458560343403067
1227 0.35458560343403067
1359 0.35458560343403067
1388 0.35458560343403067
1462 0.35458560343403067
1673 0.3545649661548499
1067 0.3545443288756686
1209 0.35446177975894416
1198 0.35446177975894405
1580 0.35446177975894405
1110 0.354420505200582
1828 0.354399867921401
1284 0.3543585933630387
934 0.35433795608385743
1659 0.35433795608385743
1753 0.35433795608385743
1767 0.3542760442463144
927 0.3542554069671336
1652 0.3542141324087708
1332 0.35411094601286575
1020 0.35411094601286547
1824 0.35411094601286547
1026 0.35409030873368413
1166 0.35398712233777885
1794 0.35398712233777885
1539 0.3539664850585975
1632 0.3539664850585975
1737 0.3539664850585975
1881 0.35390457322105445
1099 0.35386329866269217
1113 0.35378074954596794
1614 0.35376011226678705
954 0.35373947498760555
999 0.35371883770842427
1231 0.35371883770842427
1323 0.35371883770842427
1596 0.35371883770842427
1636 0.35371883770842427
1720 0.3536982004292434
1897 0.3536569258708814
1514 0.3536156513125191
1396 0.35361565131251893
1644 0.3535950140333377
1280 0.3535950140333376
1349 0.35353310219579476
1018 0.3534918276374323
936 0.3534092785207081
1565 0.3533680039623458
1454 0.35336800396234563
1347 0.35334736668316435
1375 0.35334736668316435
1402 0.35334736668316435
1653 0.35334736668316435
1357 0.3532854548456214
1102 0.353244180287259
1857 0.35322354300807773
957 0.3531822684497156
1765 0.3531409938913539
1751 0.3531203566121724
1207 0.35309971933299106
1538 0.35309971933299106
1576 0.35305844477462894
1343 0.3529965329370859
1123 0.35297589565790444
1221 0.35297589565790444
1298 0.35297589565790444
1470 0.35297589565790444
1796 0.35297589565790444
1891 0.35297589565790444
1303 0.3528727092619991
1732 0.3528727092619991
1502 0.3528520719828178
1703 0.3528520719828178
1001 0.3528314347036371
1318 0.35283143470363704
1709 0.3528314347036367
1677 0.3527901601452749
1052 0.3527695228660934
995 0.3527282483077314
1423 0.3526869737493691
982 0.3526044246326445
1135 0.3526044246326445
1790 0.3525837873534638
1716 0.35256315007428246
1694 0.3525425127951016
1744 0.3525425127951016
1095 0.35250123823673946
968 0.35250123823673934
1040 0.3524806009575579
1351 0.3524806009575579
1812 0.35237741456165256
1724 0.35235677728247133
897 0.3523567772824713
1130 0.3523567772824713
1287 0.3523567772824713
1366 0.3523567772824713
1129 0.3523155027241091
1878 0.35229486544492833
948 0.3522948654449282
1543 0.35225359088656616
1108 0.35225359088656594
1309 0.35225359088656594
1047 0.35223295360738466
1056 0.35223295360738466
1715 0.35223295360738466
629 0.35223295360738455
1766 0.3521710417698416
984 0.3521297672114793
1324 0.3521297672114793
1706 0.3521297672114793
1754 0.3521091299322981
1100 0.352109129932298
1426 0.352109129932298
1535 0.352109129932298
1877 0.352109129932298
1019 0.35206785537393587
1529 0.35204721809475487
1275 0.35202658081557364
1469 0.35202658081557364
1281 0.3520059435363927
1382 0.3520059435363927
1582 0.3520059435363927
1595 0.3520059435363927
932 0.35198530625721136
1340 0.35198530625721136
1811 0.35198530625721136
1012 0.3519233944196684
1876 0.351902757140487
1429 0.3518821198613061
1245 0.351882119861306
983 0.35186148258212474
1457 0.35186148258212474
1606 0.3517995707445818
1763 0.35179957074458174
1054 0.3517376589070382
1021 0.3517376589070381
1159 0.3517376589070381
1772 0.3517376589070381
649 0.351737658907038
1142 0.3516344725111329
1682 0.3516344725111328
1393 0.35161383523195155
1448 0.35161383523195155
1413 0.35161383523195144
1571 0.35161383523195144
1691 0.35161383523195144
1679 0.3515931979527708
1392 0.35151064883604616
1060 0.35149001155686493
1848 0.3513868251609595
1437 0.35136618788177837
1036 0.3513661878817782
1201 0.3513661878817782
1504 0.3513661878817782
913 0.35134555060259715
1647 0.3513249133234161
1695 0.35130427604423514
976 0.3512630014858731
1009 0.3512423642066916
1082 0.3512423642066916
1525 0.3512423642066916
1638 0.35113917781078624
1655 0.3511185405316049
1722 0.3511185405316049
1872 0.3510772659732428
1508 0.3510153541356996
1257 0.3509947168565183
1285 0.3509947168565183
1292 0.3509947168565183
1336 0.3509947168565183
1432 0.3509947168565183
1542 0.3509947168565183
1699 0.3509534422981562
1460 0.35091216773979467
1041 0.35091216773979395
1496 0.35091216773979395
941 0.35087089318143166
975 0.35087089318143166
1112 0.35087089318143166
1219 0.35087089318143166
1862 0.35087089318143166
1400 0.3508089813438887
1259 0.35078834406470727
1770 0.35078834406470727
1406 0.3507677067855263
1587 0.35074706950634504
1870 0.3507264322271642
1229 0.3507057949479829
1907 0.3506438831104397
1189 0.35062324583125853
1671 0.3505819712728965
1859 0.35058197127289625
1850 0.35056133399371525
919 0.3505200594353531
1120 0.35049942215617175
1379 0.35049942215617175
1725 0.35049942215617175
1807 0.35049942215617175
1464 0.35039623576026646
1875 0.3503962357602664
1092 0.3503755984810851
1404 0.3503755984810851
1674 0.35029304936436234
1068 0.3502517748059985
1195 0.3502517748059985
1482 0.3502517748059985
1723 0.3502517748059985
1734 0.3502517748059985
1841 0.3502517748059985
1215 0.35021050024763634
1851 0.3501692256892746
1801 0.3501485884100932
1293 0.35012795113091183
1569 0.35012795113091183
1625 0.35010731385173094
933 0.35002476473500654
981 0.3500041274558252
1660 0.34990094105991987
902 0.3498803037807386
959 0.3498803037807386
1051 0.3498803037807386
1389 0.3498803037807386
1832 0.3498803037807386
1371 0.34983902922237664
1397 0.3498183919431956
1294 0.34977711738483325
1773 0.34977711738483325
924 0.34975648010565197
1180 0.34975648010565197
1519 0.3497152055472902
1444 0.3497152055472899
1223 0.34969456826810885
1548 0.3496739309889276
1407 0.3496326564305654
1279 0.3496326564305653
1315 0.3496326564305653
1398 0.3496326564305653
1578 0.34959138187220323
1037 0.34955010731384095
1348 0.34955010731384095
1507 0.34955010731384095
1428 0.3495294700346599
1278 0.3495088327554788
1236 0.34950883275547867
1572 0.34950883275547867
1010 0.34942628363875433
1843 0.3493850090803922
1258 0.34938500908039205
1365 0.34938500908039205
1831 0.34938500908039205
1885 0.349364371801211
905 0.34932309724284893
988 0.34926118540530543
1524 0.34926118540530543
1873 0.34926118540530543
1283 0.3491786362885817
1787 0.34917863628858115
1837 0.34917863628858115
1183 0.34917863628858103
1436 0.3491373617302189
1774 0.34913736173021875
1903 0.34913736173021875
1011 0.34911672445103764
963 0.3490548126134944
1190 0.34901353805513213
1532 0.34901353805513213
1727 0.3489309889384078
1265 0.34888971438004557
898 0.3488897143800455
1260 0.3488897143800455
1304 0.3488897143800455
1550 0.3488897143800455
1634 0.3488897143800455
1733 0.3488897143800455
1533 0.34880716526332123
1311 0.34878652798414006
944 0.3487658907049589
1355 0.3487658907049589
1895 0.3487658907049589
1415 0.3486833415882345
1015 0.3486420670298722
1097 0.3486420670298722
1115 0.3486420670298722
1170 0.3486420670298722
1216 0.3486420670298722
1337 0.3486420670298722
1517 0.3486420670298722
1492 0.34853888063396693
1561 0.34851824335478643
989 0.3485182433547856
1118 0.3485182433547856
1246 0.3485182433547856
1624 0.3485182433547856
1649 0.3485182433547856
1686 0.3485182433547856
1490 0.34849760607560476
1631 0.3484150569588803
901 0.348394419679699
903 0.348394419679699
971 0.348394419679699
1438 0.348394419679699
1452 0.348394419679699
1635 0.348394419679699
1798 0.348394419679699
136 0.3483867544045936
1743 0.34837378240051786
1526 0.3482912332837935
1858 0.3482705960046127
1333 0.34827059600461235
1350 0.34827059600461235
1541 0.34827059600461235
1314 0.34818804688788796
1738 0.34818804688788796
969 0.3481467723295257
1131 0.3481467723295257
1188 0.3481467723295257
1316 0.3481467723295257
1378 0.3481467723295257
1601 0.3481467723295257
1728 0.3481467723295257
1880 0.3481467723295257
1884 0.3481467723295257
1658 0.3481054977711637
1296 0.34806422321280134
1681 0.34806422321280134
1506 0.3480435859336204
1268 0.3480229486544393
992 0.34802294865443906
1299 0.34802294865443906
1451 0.34802294865443906
1468 0.34802294865443906
1910 0.34802294865443906
1121 0.3479403995377147
922 0.34789912497935244
1081 0.34789912497935244
1225 0.34789912497935244
1785 0.34789912497935244
1818 0.34789912497935244
1904 0.34789912497935244
973 0.3478578504209912
991 0.3478165758626289
949 0.34781657586262804
1654 0.3477959385834471
938 0.3477753013042658
1116 0.3477753013042658
1137 0.3477753013042658
1232 0.3477753013042658
1497 0.3477753013042658
1500 0.3477753013042658
1568 0.3477753013042658
1779 0.3476927521875419
1044 0.34765147762917914
1167 0.34765147762917914
1453 0.34765147762917914
1503 0.34765147762917914
1422 0.34763084034999814
1412 0.347610203070817
1455 0.34754829123327385
994 0.3475276539540925
1039 0.3475276539540925
1064 0.3475276539540925
1106 0.3475276539540925
1164 0.3475276539540925
1310 0.3475276539540925
1319 0.3475276539540925
1381 0.3475276539540925
1667 0.3475276539540925
1821 0.3475276539540925
1169 0.3475070166749114
1650 0.34748637939573035
964 0.3474038302790059
977 0.3474038302790059
1035 0.3474038302790059
1072 0.3474038302790059
1212 0.3474038302790059
1306 0.3474038302790059
1493 0.3474038302790059
1781 0.3474038302790059
1900 0.3474038302790059
1678 0.34736255572064434
1321 0.3472800066039193
1556 0.3472800066039193
1592 0.3472800066039193
1648 0.3472800066039193
1672 0.3472800066039193
1704 0.3472800066039193
1764 0.3472800066039193
1585 0.3472387320455575
1830 0.3471561829288327
958 0.3471561829288326
1139 0.3471561829288326
1247 0.3471561829288326
1615 0.3471561829288326
1815 0.3471561829288326
1140 0.34711490837047154
1853 0.3470942710912894
1860 0.34707363381210876
1228 0.347032359253746
1286 0.347032359253746
1433 0.347032359253746
1633 0.347032359253746
931 0.34701172197456487
1161 0.3469498101370219
1384 0.3469085355786601
1710 0.3469085355786594
1062 0.34690853557865936
1063 0.34690853557865936
1484 0.34690853557865936
1489 0.34690853557865936
1531 0.34690853557865936
1629 0.34690853557865936
1747 0.34690853557865936
1805 0.34690853557865936
1906 0.34690853557865936
1143 0.34686726102029725
1901 0.34686726102029725
961 0.3468259864619356
1544 0.3468259864619355
1385 0.34682598646193497
926 0.34678471190357274
972 0.34678471190357274
1069 0.34678471190357274
1127 0.34678471190357274
1144 0.34678471190357274
1363 0.34678471190357274
1418 0.34678471190357274
1439 0.34678471190357274
1441 0.34674343734521096
1564 0.34674343734521096
1855 0.3466815255076673
1477 0.3466608882284869
1091 0.34666088822848606
1213 0.34666088822848606
1241 0.34666088822848606
1308 0.34666088822848606
1356 0.34666088822848606
1566 0.34666088822848606
1575 0.34666088822848606
1771 0.34666088822848606
1434 0.3466196136701243
1552 0.3465783391117626
1424 0.34653706455339944
1698 0.34653706455339944
1701 0.34649578999503816
1055 0.34649578999503766
923 0.34641324087831354
1461 0.34641324087831354
1594 0.346413240878313
1141 0.3464132408783128
1174 0.3464132408783128
1325 0.3464132408783128
1501 0.3464132408783128
1646 0.3464132408783128
1266 0.34637196631995104
1445 0.34633069176158904
1150 0.3463306917615887
939 0.3462894172032262
940 0.3462894172032262
1033 0.3462894172032262
1152 0.3462894172032262
1186 0.3462894172032262
1478 0.3462894172032262
1481 0.3462894172032262
1700 0.3462894172032262
1784 0.3462894172032262
1822 0.3462481426448644
1527 0.34624814264486425
1008 0.3462068680865024
2347 0.3461992028113907
1387 0.3461655935281399
914 0.3461655935281395
965 0.3461655935281395
1000 0.3461655935281395
1007 0.3461655935281395
1676 0.3461655935281395
1756 0.3461655935281395
1829 0.3461655935281395
1670 0.34612431896977763
1087 0.34608304441141574
1908 0.3460830444114155
970 0.3460417698530529
1042 0.3460417698530529
1084 0.3460417698530529
1177 0.3460417698530529
1234 0.3460417698530529
1249 0.3460417698530529
1869 0.3460417698530529
1889 0.3460417698530529
1005 0.3459179461779663
1089 0.3459179461779663
1138 0.3459179461779663
1641 0.3459179461779663
1739 0.3459179461779663
1103 0.3458766716196041
929 0.3458353970612425
900 0.34579412250287966
907 0.34579412250287966
920 0.34579412250287966
1090 0.34579412250287966
1748 0.34579412250287966
1749 0.34579412250287966
1874 0.34579412250287966
1411 0.3457528479445177
996 0.3457115733861559
1058 0.3457115733861556
909 0.345670298827793
943 0.345670298827793
1043 0.345670298827793
1045 0.345670298827793
1244 0.345670298827793
1251 0.345670298827793
1364 0.345670298827793
1401 0.345670298827793
1499 0.345670298827793
1602 0.345670298827793
1696 0.345670298827793
1802 0.345670298827793
1892 0.345670298827793
1792 0.3456290242694313
1240 0.3456290242694311
974 0.34554647515270637
986 0.34554647515270637
1030 0.34554647515270637
1050 0.34554647515270637
1094 0.34554647515270637
1134 0.34554647515270637
1218 0.34554647515270637
1599 0.34554647515270637
1887 0.34554647515270637
1905 0.34554647515270637
1297 0.3454639260359821
950 0.34542265147761975
955 0.34542265147761975
956 0.34542265147761975
979 0.34542265147761975
1061 0.34542265147761975
1073 0.34542265147761975
1342 0.34542265147761975
1368 0.34542265147761975
1463 0.34542265147761975
1562 0.34542265147761975
1708 0.34542265147761975
1788 0.34542265147761975
1814 0.34542265147761975
1840 0.34542265147761975
1476 0.34538137691925785
1022 0.3453813769192576
1486 0.3453401023608955
1023 0.3453401023608953
1053 0.3452988278025332
912 0.3452988278025331
928 0.3452988278025331
998 0.3452988278025331
1016 0.3452988278025331
1093 0.3452988278025331
1111 0.3452988278025331
1154 0.3452988278025331
1202 0.3452988278025331
1220 0.3452988278025331
1239 0.3452988278025331
1403 0.3452988278025331
1443 0.3452988278025331
1896 0.3452988278025331
1031 0.34525755324417134
987 0.3452162786858088
1162 0.34517500412744645
1203 0.34517500412744645
1248 0.34517500412744645
1414 0.34517500412744645
1640 0.34517500412744645
1731 0.34517500412744645
1775 0.34517500412744645
1865 0.34517500412744645
1233 0.34513372956908434
1151 0.3450511804523599
935 0.34505118045235983
937 0.34505118045235983
985 0.34505118045235983
1372 0.34505118045235983
904 0.34500990589399777
1133 0.3449273567772732
1168 0.3449273567772732
1254 0.3449273567772732
1263 0.3449273567772732
1301 0.3449273567772732
1498 0.3449273567772732
1521 0.3449273567772732
1664 0.3449273567772732
1759 0.3449273567772732
1838 0.3449273567772732
1890 0.3449273567772732
910 0.3448035331021866
1038 0.3448035331021866
1057 0.3448035331021866
1147 0.3448035331021866
1157 0.3448035331021866
1264 0.3448035331021866
1295 0.3448035331021866
1346 0.3448035331021866
1354 0.3448035331021866
1417 0.3448035331021866
1442 0.3448035331021866
1579 0.3448035331021866
1607 0.3448035331021866
1657 0.3448035331021866
1711 0.3448035331021866
1776 0.3448035331021866
1797 0.3448035331021866
945 0.3446797094270999
1002 0.3446797094270999
1105 0.3446797094270999
1194 0.3446797094270999
1200 0.3446797094270999
1383 0.3446797094270999
1474 0.3446797094270999
1510 0.3446797094270999
1651 0.3446797094270999
1713 0.3446797094270999
1762 0.3446797094270999
1856 0.3446797094270999
899 0.3445558857520133
1027 0.3445558857520133
1034 0.3445558857520133
1046 0.3445558857520133
1071 0.3445558857520133
1208 0.3445558857520133
1252 0.3445558857520133
1253 0.3445558857520133
1353 0.3445558857520133
1362 0.3445558857520133
1546 0.3445558857520133
1586 0.3445558857520133
1627 0.3445558857520133
1693 0.3445558857520133
1760 0.3445558857520133
1065 0.34443206207692667
1176 0.34443206207692667
1224 0.34443206207692667
1262 0.34443206207692667
1270 0.34443206207692667
1276 0.34443206207692667
1326 0.34443206207692667
1394 0.34443206207692667
1395 0.34443206207692667
1430 0.34443206207692667
1558 0.34443206207692667
1690 0.34443206207692667
1755 0.34443206207692667
1854 0.34443206207692667
911 0.34430823840184005
918 0.34430823840184005
1096 0.34430823840184005
1119 0.34430823840184005
1145 0.34430823840184005
1206 0.34430823840184005
1386 0.34430823840184005
1466 0.34430823840184005
1560 0.34430823840184005
1581 0.34430823840184005
1834 0.34430823840184005
2111 0.3421542960918934
2199 0.3410398830161133
2384 0.3409573338993887
2081 0.3406684119908533
2007 0.3405445883157666
2598 0.3396778225901599
2054 0.3395539989150732
2283 0.33930635156489986
2289 0.3391825278898132
412 0.33904573221066436
2133 0.3388110568645532
559 0.3384678883935928
2266 0.3384189485601115
373 0.3382202410434197
513 0.338096417368333
2336 0.3379442911389464
860 0.3378446425623146
1941 0.3377791929054967
2187 0.33769664378877307
2032 0.3375728201136864
1945 0.3374489964385997
561 0.3370645534092772
2117 0.336953701738253
2292 0.336953701738253
2068 0.33682987806316633
553 0.3366930823840173
2153 0.336582230712993
2511 0.33645840703790636
2510 0.3364584070379063
465 0.33632161135875727
3173 0.33595014033351045
2102 0.33571546498738625
2047 0.3355503667539365
2471 0.33546781763721295
2268 0.3354678176372129
497 0.3353722965164256
3290 0.335289747399715
2072 0.3350963466119529
2224 0.3350963466119529
2629 0.33509634661195287
1926 0.33495188565768547
374 0.3347944526993546
2138 0.3347661501450549
2463 0.3347248755866929
2838 0.3346706290242816
2885 0.3346706290242816
3003 0.3346706290242816
395 0.33454680534918135
2461 0.33447722823651954
2247 0.3344772282365195
2319 0.3344772282365195
2649 0.3344772282365195
2038 0.33435340456143287
2071 0.33435340456143287
2491 0.3343534045614328
492 0.33434043255737006
2183 0.3342708554447082
524 0.3340515106488345
2174 0.33398193353617284
2814 0.33396896153212363
2223 0.33373428618599943
391 0.33372131418193657
2542 0.3337136489068178
2279 0.3336517370692748
2180 0.3334866388358261
370 0.33347366683176344
400 0.3333911177150392
2617 0.3332389914856528
2327 0.3331564423689281
2189 0.3331151678105661
2127 0.33299134413547943
2302 0.33290879501875476
2250 0.3328675204603927
2451 0.3326198731102194
2328 0.33241350031840766
542 0.33231797919762096
525 0.33231797919762074
419 0.3320703318474474
2468 0.33179438194297395
2143 0.3317531073846126
2203 0.33175310738461256
2643 0.33175310738461256
2333 0.3316705582678876
2508 0.3315054600344392
461 0.3314512134720142
2042 0.33125781268426585
2039 0.3312578126842657
2087 0.3311752635675409
2475 0.33113398900917923
2398 0.3310514398924546
2282 0.33092761621736755
1932 0.3308863416590059
2436 0.3307625179839192
2498 0.3307625179839192
423 0.3307082714214943
3101 0.3299446920918008
2458 0.3299370268166746
2533 0.3299370268166746
1955 0.32975129130404507
2267 0.3296481049081391
2254 0.3295036439538717
591 0.32913983820372916
2128 0.3290702610910679
417 0.32901601452864254
2589 0.32890516285761906
604 0.32885091629519353
520 0.3287683671784692
2264 0.32865751550744576
2135 0.3285749663907212
2555 0.3285749663907207
2509 0.328451142715634
2839 0.3281492488030424
2653 0.3280383971320123
2149 0.32770820066511397
2642 0.3275843769900273
3363 0.32740630675252236
34 0.3272989929007873
1920 0.3270890822896806
2472 0.3269239840562321
2125 0.32684143493950724
2294 0.3267176112644205
460 0.32670463926035803
2344 0.32659378758933383
1947 0.32646996391424715
2241 0.3263461402391605
2754 0.3262918936767422
2176 0.3260984928889871
2547 0.32605721833062556
2417 0.32605721833062534
2445 0.32605721833062534
3291 0.3259204226514822
1967 0.32564801056628523
2592 0.32564447274700253
402 0.32559022618457784
392 0.3255902261845776
2742 0.32554895162622216
3082 0.32554895162622216
2196 0.32547937451355385
456 0.32546640250949116
3397 0.3254251279511355
2169 0.3253555508384672
1948 0.3252317271633805
3320 0.32517748060096213
3426 0.32517748060096213
2419 0.32510790348829377
1959 0.32502535437156915
2028 0.32498407981320715
2869 0.3248679214132473
2512 0.3248602561381205
2052 0.32473643246303374
3090 0.32455836222552875
2567 0.3245300596712224
2966 0.3244345385504421
3280 0.3244345385504421
3434 0.3244345385504421
2053 0.3244062359961357
2944 0.3243107148753554
3232 0.3241868912002687
2582 0.32411731408760036
2863 0.32406306752518205
2877 0.32406306752518205
2616 0.3239934904125137
3116 0.32393924385009537
2786 0.3238154201750087
2951 0.3238154201750087
2351 0.32378711762070234
645 0.3237741456166396
3263 0.32371223377910524
3051 0.323691596499922
2194 0.32366329394561566
2338 0.32366329394561566
2529 0.32358074482889204
2719 0.32356777282483534
2986 0.32356777282483534
2132 0.32349819571216704
2661 0.32344394914974867
2793 0.32344394914974867
3078 0.32344394914974867
2246 0.3233743720370803
2394 0.3233743720370803
2782 0.323320125474662
500 0.3232128116229249
2669 0.3231963017995753
3387 0.3231963017995753
2372 0.32316799924526896
2597 0.32316799924526896
1940 0.32312672468690695
1954 0.32312672468690695
2956 0.32307247812448864
3026 0.32307247812448864
2148 0.32300290101182033
3201 0.3229899290077643
2716 0.32294865444940196
2778 0.32294865444940196
416 0.32294865444939486
2332 0.32292035189509566
2588 0.3228790773367336
2502 0.32271397910328514
2679 0.3227010070992286
2694 0.3227010070992286
3330 0.3227010070992286
2906 0.32257718342414193
2927 0.32257718342414193
2960 0.32257718342414193
2915 0.32245335974905526
3000 0.32245335974905526
3154 0.32245335974905526
439 0.3224533597490483
2608 0.32242505719474895
3035 0.3223295360739686
2151 0.3222599589613002
2730 0.3222057123988819
2755 0.3222057123988819
3150 0.3222057123988819
3417 0.3222057123988819
3019 0.3220818887237957
2890 0.32208188872379523
3033 0.32208188872379523
3038 0.32208188872379523
2010 0.32201231161112687
2916 0.32195806504870855
3324 0.32195806504870855
2928 0.3218342413736219
3076 0.3218342413736219
3198 0.3218342413736219
3252 0.3218342413736219
3258 0.32177232953608037
2026 0.3217646642609533
2750 0.3217104176985352
3152 0.3217104176985352
360 0.3217104176985284
3385 0.32168978041935575
2368 0.32164084058586695
438 0.3216031038467981
3132 0.3215865940234485
3348 0.3215865940234485
3351 0.3215865940234485
431 0.3215618292884358
2377 0.32151701691077994
2594 0.32151701691077994
2664 0.32146277034836185
2676 0.32146277034836185
2738 0.32146277034836185
2757 0.32146277034836185
2777 0.32146277034836185
2910 0.32146277034836185
3054 0.32146277034836185
3104 0.32146277034836185
3111 0.32144213306918235
506 0.32139673105498695
1916 0.32139319323569354
2343 0.32139319323569354
683 0.3213802212316305
2800 0.32133894667327517
2833 0.32133894667327517
2943 0.32133894667327517
3350 0.32133894667327517
2144 0.32126936956060687
2849 0.3212151229981885
2273 0.32114554588551997
2867 0.3210912993231018
3022 0.3210912993231018
3185 0.3210912993231018
2191 0.32106299676879557
2516 0.32106299676879557
2724 0.32105002476473976
3406 0.32105002476473976
471 0.3210500247647325
2925 0.32096747564801514
3226 0.32096747564801514
436 0.32090143635463997
2683 0.32084365197292847
2828 0.32084365197292847
2866 0.32084365197292847
3056 0.32084365197292847
3060 0.32084365197292847
3265 0.32078174013538674
2901 0.3207198282978418
2909 0.3207198282978418
2399 0.3207121630227171
378 0.3206950635628289
2134 0.32069152574353554
387 0.3206372791811104
2325 0.3206296139059926
2872 0.3205960046227551
3049 0.3205960046227551
3084 0.3205960046227551
3096 0.3205960046227551
3344 0.3205960046227551
3347 0.3205960046227551
3396 0.3205960046227551
3020 0.3205340927852136
2748 0.32047218094766844
2827 0.32047218094766844
2864 0.32047218094766844
2913 0.32047218094766844
3362 0.32047218094766844
3100 0.32041026911012693
2002 0.3204026038349999
544 0.32036486709593126
2905 0.32034835727258176
2920 0.32034835727258176
3174 0.32034835727258176
3360 0.32034835727258176
515 0.3202410434208444
2873 0.3202245335974951
2973 0.3202245335974951
3339 0.3202245335974951
2420 0.32019623104318884
3233 0.32018325903913303
3179 0.3201007099224085
2904 0.3201007099224084
2992 0.3201007099224084
3002 0.3201007099224084
3172 0.3201007099224084
3195 0.3201007099224084
3267 0.3201007099224084
3366 0.32005943536404635
2862 0.31997688624732173
2969 0.31997688624732173
3120 0.31997688624732173
3140 0.31997688624732173
3277 0.31997688624732173
2764 0.3199562489681426
2674 0.31985306257223506
2919 0.31985306257223506
3017 0.31985306257223506
3284 0.31985306257223506
2698 0.3197292388971484
2911 0.3197292388971484
2939 0.3197292388971484
3119 0.3197292388971484
3145 0.3197292388971484
3321 0.3197292388971484
514 0.3197044741621356
3113 0.3196054152220617
3182 0.3196054152220617
3342 0.3196054152220617
2689 0.31948159154697503
2706 0.31948159154697503
3302 0.31948159154697503
3162 0.31944031698861297
3168 0.3193577678718888
2781 0.31935776787188835
2880 0.31935776787188835
3027 0.31935776787188835
3149 0.31935776787188835
3240 0.31935776787188835
3247 0.31935776787188835
2062 0.3192881907592198
2994 0.3192339441968017
3098 0.3192339441968017
3335 0.3192339441968017
3345 0.3192339441968017
3433 0.3192339441968017
2315 0.3192056416424955
2940 0.319110120521715
3064 0.319110120521715
3278 0.3190482086841737
2729 0.3189862968466283
2763 0.3189862968466283
2937 0.3189862968466283
2988 0.3189862968466283
3108 0.3189862968466283
3117 0.3189862968466283
3136 0.3189862968466283
3214 0.3189862968466283
3256 0.3189862968466283
3274 0.3189862968466283
3297 0.3189862968466283
3419 0.3189862968466283
2704 0.3189037477299044
2740 0.3189037477299044
2853 0.31886247317154165
3070 0.31886247317154165
3073 0.31886247317154165
3106 0.31886247317154165
3239 0.31886247317154165
3332 0.31886247317154165
3353 0.31886247317154165
3411 0.31886247317154165
451 0.3188624731715345
2501 0.31885480789641674
3248 0.3187592867756377
2666 0.318738649496455
2894 0.318738649496455
2912 0.318738649496455
2991 0.318738649496455
3115 0.318738649496455
3146 0.318738649496455
3169 0.318738649496455
3184 0.318738649496455
3386 0.318697374938093
2198 0.3186690723837868
2101 0.31866907238378644
2796 0.3186148258213683
2936 0.3186148258213683
2985 0.3186148258213683
3293 0.3186148258213683
3299 0.3186148258213683
3378 0.3186148258213683
2780 0.3184910021462816
2946 0.3184910021462816
2974 0.3184910021462816
2883 0.3184703648671025
2810 0.31836717847119494
2989 0.31836717847119494
3355 0.31828462935447055
2741 0.31824335479610827
2773 0.31824335479610827
2815 0.31824335479610827
2993 0.3181195311210216
3142 0.3181195311210216
3295 0.31807825656265953
507 0.31805349182764614
3077 0.3179957074459349
3224 0.3179957074459349
3245 0.31797507016675575
3412 0.31795443288757286
2717 0.31787188377084824
2897 0.31787188377084824
2945 0.31787188377084824
3025 0.31787188377084824
3220 0.31787188377084824
3261 0.31787188377084824
3381 0.31787188377084824
3186 0.31785124649166874
1994 0.31780230665817977
2680 0.31774806009576156
2749 0.31774806009576156
2931 0.31774806009576156
3004 0.31774806009576156
3065 0.31774806009576156
3391 0.31774806009576156
3416 0.31774806009576156
2968 0.3176861482582201
2979 0.3176448736998576
3005 0.31762423642067517
3011 0.31762423642067517
2753 0.3176242364206749
2875 0.3176242364206749
3029 0.3176242364206749
3085 0.3176242364206749
3089 0.3176242364206749
3158 0.3176242364206749
3403 0.3176242364206749
3289 0.317521050024771
2976 0.3175004127455885
2743 0.3175004127455882
3040 0.3175004127455882
3087 0.3175004127455882
3107 0.3175004127455882
3188 0.3175004127455882
3206 0.3175004127455882
3253 0.3175004127455882
3222 0.3174797754664089
2693 0.31743850090804654
2031 0.317410198353739
2665 0.31737658907050154
2806 0.31737658907050154
2896 0.31737658907050154
3021 0.31737658907050154
3047 0.31737658907050154
3052 0.31737658907050154
3327 0.31737658907050154
2239 0.3173070119578334
2465 0.31730701195783306
2720 0.31725276539541486
2787 0.31725276539541486
3102 0.31725276539541486
3137 0.31725276539541486
3364 0.31725276539541486
3384 0.31725276539541486
3435 0.31725276539541486
2385 0.31722446284110867
2929 0.3171289417203282
2950 0.3171289417203282
3287 0.3171289417203282
3288 0.3171289417203282
1985 0.31712127644520516
3079 0.31708766716196624
3034 0.317087667161966
2215 0.3170593646076597
2822 0.31702575532442434
3361 0.31702575532442434
2765 0.3170051180452415
2874 0.3170051180452415
3204 0.3170051180452415
2285 0.3169768154909353
3097 0.31696384348687945
2758 0.31688129437015483
3072 0.31688129437015483
3114 0.31688129437015483
3365 0.31688129437015483
2233 0.3168736290950318
2707 0.31686065709097533
2293 0.31685299181584864
3331 0.3168400198117928
2003 0.31679107997830563
2330 0.31679107997830563
2681 0.31675747069506816
2756 0.31675747069506816
2881 0.31675747069506816
3298 0.31675747069506816
2142 0.31674980541994513
408 0.3167327059600548
3001 0.3167161961367061
3304 0.3167161961367061
2712 0.3166336470199815
2785 0.3166336470199815
2835 0.3166336470199815
2955 0.3166336470199815
2970 0.3166336470199815
3118 0.3166336470199815
3272 0.3166336470199815
2826 0.3165717351824395
3014 0.3165098233448948
3369 0.3165098233448948
2677 0.3164891860657149
2871 0.3163859996698081
2958 0.3163859996698081
3257 0.3163859996698081
2770 0.31626217599472145
2914 0.31626217599472145
3177 0.31626217599472145
3207 0.31626217599472145
3238 0.31626217599472145
3296 0.31626217599472145
3062 0.3162209014363595
2887 0.3161383523196348
2921 0.3161383523196348
2924 0.3161383523196348
2932 0.3161383523196348
3191 0.3161383523196348
3196 0.3161383523196348
3301 0.3161383523196348
3422 0.3161383523196348
2865 0.3160145286445481
2996 0.3160145286445481
3219 0.3160145286445481
3316 0.3160145286445481
2892 0.31597325408618604
404 0.3159484893511725
2137 0.3159449515318796
2609 0.3159449515318796
2155 0.3159243142526989
2675 0.3158907049694614
2728 0.3158907049694614
2823 0.3158907049694614
3036 0.3158907049694614
3166 0.3158907049694614
3395 0.3158907049694614
2662 0.31576688129437475
2672 0.31576688129437475
2718 0.31576688129437475
3046 0.31576688129437475
3086 0.31576688129437475
3399 0.31576688129437475
2775 0.3157256067360127
2854 0.31564305761928807
3213 0.31564305761928807
3228 0.31564305761928807
3303 0.31564305761928807
2813 0.3155605085025637
432 0.3155357437675503
2751 0.3155192339442014
3023 0.3155192339442014
3129 0.3155192339442014
3135 0.3155192339442014
3212 0.3155192339442014
3346 0.3155192339442014
3400 0.3155192339442014
2734 0.31547795938583945
2668 0.3153954102691147
2708 0.3153954102691147
2772 0.3153954102691147
2953 0.3153954102691147
3187 0.3153954102691147
3250 0.3153954102691147
2206 0.3153877449939917
2999 0.3153128611523903
2745 0.31527158659402804
2783 0.31527158659402804
2840 0.31527158659402804
2850 0.31527158659402804
2977 0.31527158659402804
3123 0.31527158659402804
3234 0.31527158659402804
2715 0.31514776291894137
2907 0.31514776291894137
3010 0.31514776291894137
3255 0.31514776291894137
3313 0.31514776291894137
2690 0.3150239392438547
2711 0.3150239392438547
2713 0.3150239392438547
2739 0.3150239392438547
2836 0.3150239392438547
2841 0.3150239392438547
3203 0.3150239392438547
3259 0.3150239392438547
3264 0.3150239392438547
3341 0.3150239392438547
3377 0.3150239392438547
3394 0.3150239392438547
2229 0.31501627396873166
2410 0.31501627396873166
2611 0.31501627396873166
2964 0.31498266468549285
2832 0.314900115568768
3018 0.314900115568768
3124 0.314900115568768
3148 0.314900115568768
3160 0.314900115568768
397 0.3148753508337546
3178 0.3148588410104058
3319 0.3148175664520436
2673 0.31477629189368134
2731 0.31477629189368134
2843 0.31477629189368134
2844 0.31477629189368134
3016 0.31477629189368134
3275 0.31477629189368134
3415 0.31477629189368134
2218 0.3147686266185583
430 0.31475152715866783
2962 0.3147350173353192
2684 0.31465246821859466
2761 0.31465246821859466
2768 0.31465246821859466
2784 0.31465246821859466
2829 0.31465246821859466
3080 0.31465246821859466
3225 0.31465246821859466
3231 0.31465246821859466
3237 0.31465246821859466
3260 0.31465246821859466
2078 0.31464480294347164
3404 0.31461119366023255
3420 0.31461119366023244
269 0.31453277199935137
2705 0.314528644543508
2797 0.314528644543508
2846 0.314528644543508
2908 0.314528644543508
2987 0.314528644543508
3041 0.314528644543508
3176 0.314528644543508
3193 0.314528644543508
3243 0.314528644543508
3285 0.314528644543508
1993 0.31452097926838496
2123 0.31452097926838496
3205 0.314487369985146
2663 0.3144048208684213
2701 0.3144048208684213
2845 0.3144048208684213
3221 0.3144048208684213
3273 0.3144048208684213
2464 0.3143971555932983
2825 0.3142809971933347
2812 0.31428099719333463
2978 0.31428099719333463
3081 0.31428099719333463
3170 0.31428099719333463
3211 0.31428099719333463
3215 0.31428099719333463
3279 0.31428099719333463
3379 0.31428099719333463
3390 0.31428099719333463
2240 0.3142733319182116
2507 0.3142733319182116
2560 0.3142733319182116
3057 0.31423972263497263
3409 0.31423972263497263
2519 0.31421142008066616
3164 0.3141571735182484
2686 0.31415717351824796
2702 0.31415717351824796
2733 0.31415717351824796
2795 0.31415717351824796
2819 0.31415717351824796
2984 0.31415717351824796
3007 0.31415717351824796
3013 0.31415717351824796
3209 0.31415717351824796
3262 0.31415717351824796
3337 0.31415717351824796
2244 0.31414950824312493
3830 0.3141241538715599
2938 0.31407462440152356
2981 0.3140333498431613
3075 0.3140333498431613
3163 0.3140333498431613
3223 0.3140333498431613
3286 0.3140333498431613
3294 0.3140333498431613
3431 0.3140333498431613
1983 0.31402568456803825
2309 0.31402568456803825
427 0.31400858510814833
444 0.3140085851081479
173 0.3139260359914205
2759 0.3139095261680746
2803 0.3139095261680746
2807 0.3139095261680746
2830 0.3139095261680746
2851 0.3139095261680746
2870 0.3139095261680746
2891 0.3139095261680746
2967 0.3139095261680746
3032 0.3139095261680746
3039 0.3139095261680746
3199 0.3139095261680746
3306 0.3139095261680746
2088 0.3139018608929516
2131 0.3139018608929516
2340 0.3139018608929516
2602 0.3139018608929516
503 0.31388888888888056
2687 0.31378570249298793
2737 0.31378570249298793
2762 0.31378570249298793
2848 0.31378570249298793
2868 0.31378570249298793
2948 0.31378570249298793
3139 0.31378570249298793
3236 0.31378570249298793
3380 0.31378570249298793
3430 0.31378570249298793
2324 0.3137780372178649
2369 0.3137780372178649
2590 0.3137780372178649
3410 0.3137444279346257
669 0.3137196631996121
2163 0.3137161253803194
2760 0.31366187881790153
2667 0.31366187881790125
2859 0.31366187881790125
2918 0.31366187881790125
2934 0.31366187881790125
2949 0.31366187881790125
3042 0.31366187881790125
3103 0.31366187881790125
3276 0.31366187881790125
3318 0.31366187881790125
3356 0.31366187881790125
3421 0.31366187881790125
2604 0.3136542135427782
3165 0.31362060425953936
2355 0.3135923017052327
2544 0.3135923017052327
2678 0.3135793297011771
2725 0.3135793297011771
2670 0.3135380551428146
2696 0.3135380551428146
2735 0.3135380551428146
2779 0.3135380551428146
2789 0.3135380551428146
2794 0.3135380551428146
2809 0.3135380551428146
2889 0.3135380551428146
3009 0.3135380551428146
3138 0.3135380551428146
3171 0.3135380551428146
3189 0.3135380551428146
3241 0.3135380551428146
3307 0.3135380551428146
3325 0.3135380551428146
3328 0.3135380551428146
3329 0.3135380551428146
3393 0.3135380551428146
2073 0.31353038986769155
2220 0.31353038986769155
2607 0.31353038986769155
614 0.31347201584943873
2703 0.3134142314677279
2831 0.3134142314677279
2856 0.3134142314677279
2917 0.3134142314677279
3109 0.3134142314677279
3300 0.3134142314677279
3309 0.3134142314677279
3359 0.3134142314677279
3414 0.3134142314677279
2188 0.3134065661926049
2389 0.31334465435505937
2726 0.3132904077926412
2858 0.3132904077926412
2947 0.3132904077926412
2959 0.3132904077926412
2965 0.3132904077926412
2972 0.3132904077926412
2983 0.3132904077926412
3043 0.3132904077926412
3110 0.3132904077926412
3167 0.3132904077926412
3194 0.3132904077926412
3312 0.3132904077926412
3373 0.3132904077926412
3382 0.3132904077926412
3383 0.3132904077926412
3392 0.3132904077926412
2059 0.3132827425175182
2172 0.3132827425175182
2752 0.3132491332342791
2682 0.31316658411755455
2697 0.31316658411755455
2818 0.31316658411755455
2879 0.31316658411755455
2923 0.31316658411755455
3008 0.31316658411755455
3050 0.31316658411755455
3068 0.31316658411755455
3069 0.31316658411755455
3093 0.31316658411755455
3144 0.31316658411755455
3192 0.31316658411755455
3283 0.31316658411755455
3314 0.31316658411755455
3326 0.31316658411755455
3340 0.31316658411755455
3374 0.31316658411755455
3423 0.31316658411755455
1943 0.3131589188424315
2150 0.3131589188424315
2744 0.31308403500083015
2941 0.313042760442468
2700 0.31304276044246787
2746 0.31304276044246787
2820 0.31304276044246787
2888 0.31304276044246787
2982 0.31304276044246787
2995 0.31304276044246787
3048 0.31304276044246787
3058 0.31304276044246787
3095 0.31304276044246787
3157 0.31304276044246787
3208 0.31304276044246787
3242 0.31304276044246787
3357 0.31304276044246787
3371 0.31304276044246787
3402 0.31304276044246787
1946 0.31303509516734485
2428 0.31303509516734485
2526 0.31303509516734485
2530 0.313035095167343
2185 0.3129525460506187
2771 0.3129189367673812
2837 0.3129189367673812
2876 0.3129189367673812
2933 0.3129189367673812
2957 0.3129189367673812
2997 0.3129189367673812
3024 0.3129189367673812
3061 0.3129189367673812
3066 0.3129189367673812
3151 0.3129189367673812
3210 0.3129189367673812
3229 0.3129189367673812
3244 0.3129189367673812
3246 0.3129189367673812
3249 0.3129189367673812
3315 0.3129189367673812
3343 0.3129189367673812
1917 0.31291127149225817
2201 0.31291127149225817
2331 0.31291127149225817
2601 0.31291127149225817
463 0.3128528974740054
2699 0.3127951130922945
2710 0.3127951130922945
2727 0.3127951130922945
2747 0.3127951130922945
2766 0.3127951130922945
2821 0.3127951130922945
2954 0.3127951130922945
2990 0.3127951130922945
3067 0.3127951130922945
3130 0.3127951130922945
3156 0.3127951130922945
3352 0.3127951130922945
3405 0.3127951130922945
1938 0.3127874478171715
2090 0.3127874478171715
2295 0.31272553597962605
2685 0.31267128941720784
2709 0.31267128941720784
2723 0.31267128941720784
2769 0.31267128941720784
2791 0.31267128941720784
2847 0.31267128941720784
2935 0.31267128941720784
3028 0.31267128941720784
3105 0.31267128941720784
3112 0.31267128941720784
3155 0.31267128941720784
3190 0.31267128941720784
3254 0.31267128941720784
3281 0.31267128941720784
3292 0.31267128941720784
3349 0.31267128941720784
2118 0.3126636241420848
2564 0.3126636241420848
2624 0.3126636241420848
2065 0.312663624142083
2903 0.31258874030048345
3432 0.3125474657421212
2688 0.31254746574212117
2695 0.31254746574212117
2816 0.31254746574212117
2852 0.31254746574212117
2861 0.31254746574212117
2878 0.31254746574212117
2900 0.31254746574212117
2961 0.31254746574212117
3012 0.31254746574212117
3063 0.31254746574212117
3092 0.31254746574212117
3141 0.31254746574212117
3153 0.31254746574212117
3200 0.31254746574212117
3202 0.31254746574212117
3311 0.31254746574212117
3358 0.31254746574212117
3367 0.31254746574212117
1962 0.31253980046699814
2030 0.31253980046699814
2586 0.31253980046699814
556 0.3124814264487458
2801 0.3124236420670345
2802 0.3124236420670345
2882 0.3124236420670345
2886 0.3124236420670345
2926 0.3124236420670345
2942 0.3124236420670345
3015 0.3124236420670345
3053 0.3124236420670345
3083 0.3124236420670345
3088 0.3124236420670345
3099 0.3124236420670345
3128 0.3124236420670345
3133 0.3124236420670345
3388 0.3124236420670345
3418 0.3124236420670345
3425 0.3124236420670345
2064 0.31241597679191146
2184 0.31241597679191146
2625 0.31241597679191146
482 0.3123988773320209
2790 0.3122998183919478
2804 0.3122998183919478
2834 0.3122998183919478
2895 0.3122998183919478
3122 0.3122998183919478
3218 0.3122998183919478
3251 0.3122998183919478
3269 0.3122998183919478
3308 0.3122998183919478
3334 0.3122998183919478
3338 0.3122998183919478
3354 0.3122998183919478
3368 0.3122998183919478
3427 0.3122998183919478
2275 0.3122921531168248
2593 0.3122921531168248
2615 0.3122921531168248
479 0.3122750536569342
2971 0.3122585438335856
1913 0.31223024127927934
2732 0.31217599471686114
2799 0.31217599471686114
2805 0.31217599471686114
2893 0.31217599471686114
2898 0.31217599471686114
2930 0.31217599471686114
3030 0.31217599471686114
3045 0.31217599471686114
3126 0.31217599471686114
3131 0.31217599471686114
3180 0.31217599471686114
3181 0.31217599471686114
3197 0.31217599471686114
3235 0.31217599471686114
3266 0.31217599471686114
3322 0.31217599471686114
3376 0.31217599471686114
3398 0.31217599471686114
3401 0.31217599471686114
3428 0.31217599471686114
2103 0.3121683294417381
2290 0.3121683294417381
2496 0.3121683294417362
2811 0.31205217104177446
2902 0.31205217104177446
3094 0.31205217104177446
3159 0.31205217104177446
3216 0.31205217104177446
3317 0.31205217104177446
3323 0.31205217104177446
3333 0.31205217104177446
3336 0.31205217104177446
3372 0.31205217104177446
3389 0.31205217104177446
3424 0.31205217104177446
3436 0.31205217104177446
2323 0.31204450576665144
2414 0.31204450576665144
434 0.31198613174839884
2298 0.311982593929106
2413 0.311982593929106
2605 0.311982593929106
2671 0.3119283473666878
2721 0.3119283473666878
2767 0.3119283473666878
2774 0.3119283473666878
2776 0.3119283473666878
2824 0.3119283473666878
2884 0.3119283473666878
2899 0.3119283473666878
3044 0.3119283473666878
3055 0.3119283473666878
3074 0.3119283473666878
3091 0.3119283473666878
3127 0.3119283473666878
3161 0.3119283473666878
3175 0.3119283473666878
3217 0.3119283473666878
3270 0.3119283473666878
3370 0.3119283473666878
2339 0.31192068209156476
2600 0.31192068209156476
2692 0.3118045236916011
2736 0.3118045236916011
2817 0.3118045236916011
2980 0.3118045236916011
3059 0.3118045236916011
3147 0.3118045236916011
3227 0.3118045236916011
3271 0.3118045236916011
3305 0.3118045236916011
3310 0.3118045236916011
3429 0.3118045236916011
2104 0.3117968584164781
2500 0.3117968584164781
2855 0.31168070001651443
2963 0.31168070001651443
3121 0.31168070001651443
3143 0.31168070001651443
2271 0.3116730347413914
2326 0.3116730347413914
2691 0.31155687634142776
2714 0.31155687634142776
2722 0.31155687634142776
2792 0.31155687634142776
2798 0.31155687634142776
2808 0.31155687634142776
2860 0.31155687634142776
2922 0.31155687634142776
2952 0.31155687634142776
2975 0.31155687634142776
2998 0.31155687634142776
3037 0.31155687634142776
3375 0.31155687634142776
3413 0.31155687634142776
2376 0.31154921106630473
2395 0.31154921106630473
2788 0.3114330526663411
2857 0.3114330526663411
3006 0.3114330526663411
3125 0.3114330526663411
3134 0.3114330526663411
3268 0.3114330526663411
3282 0.3114330526663411
3407 0.3114330526663411
3408 0.3114330526663411
1984 0.31142538739121806
2139 0.31142538739121806
2409 0.31142538739121806
2492 0.31142538739121806
2842 0.3113092289912544
3031 0.3113092289912544
3071 0.3113092289912544
3183 0.3113092289912544
3230 0.3113092289912544
2093 0.3113015637161314
2354 0.3113015637161314
1971 0.3111777400410447
1979 0.3111777400410447
2045 0.3111777400410447
2381 0.3111777400410447
473 0.31111936602279183
527 0.31095839524516244
2043 0.31093009269087135
2278 0.31093009269087135
2033 0.3108062690157847
2037 0.3108062690157847
2200 0.3108062690157847
2553 0.3108062690157847
2630 0.3108062690157847
1966 0.310682445340698
2356 0.310682445340698
2140 0.3105586216656113
56 0.3104678176372243
2404 0.3104347979905247
545 0.31037642397227194
2124 0.310310974315438
2460 0.310310974315438
67 0.3102201702870509
2069 0.31018715064035135
2190 0.31018715064035135
2352 0.31018715064035135
2374 0.31018715064035135
2655 0.31018715064035135
2363 0.3100633269652647
2638 0.309939503290178
537 0.30988525672774453
549 0.30983985471356285
2423 0.3098156796150913
2520 0.3098156796150913
2559 0.3098156796150913
322 0.30972487558670414
2108 0.30969185594000465
2578 0.30969185594000465
2619 0.30969185594000465
2074 0.3094442085898313
2550 0.3094442085898313
862 0.3093363051015425
1918 0.3093203849147446
2446 0.3093203849147446
2549 0.3093203849147446
2112 0.30919656123965794
2154 0.30919656123965794
2482 0.30919656123965794
523 0.3091794617797673
3684 0.30912993230973057
388 0.3091010401188621
2020 0.3089489138894846
2121 0.3089489138894846
2370 0.3089489138894846
2551 0.3089489138894846
3633 0.3088822849595572
21 0.30885810986109724
2253 0.3088250902143979
698 0.3087419514611361
2308 0.30870126653931124
122 0.3086104625109239
2005 0.30857744286422456
2257 0.30857744286422456
2299 0.30857744286422456
2561 0.30857744286422456
512 0.3085603434043338
119 0.30852732375764463
2095 0.3084536191891379
2276 0.3084536191891379
198 0.30841588245006274
1986 0.3083297955140512
2408 0.3083297955140512
3756 0.30830444114248606
2040 0.30820597183896453
2573 0.30820597183896453
3948 0.30813934290903716
1929 0.30808214816387786
2348 0.30808214816387786
2504 0.30808214816387786
2654 0.30808214816387786
452 0.3080650487039871
3851 0.3080567937923127
558 0.30785867591217597
511 0.30781740135381375
455 0.30781740135381364
3495 0.30780914644213936
315 0.30774369678531704
304 0.3076198731102303
2083 0.30758685346353115
2359 0.30758685346353115
2433 0.30758685346353115
3877 0.307561499091966
2122 0.3074630297884445
2430 0.3074630297884445
2495 0.3073392061133578
570 0.30728083209510476
3577 0.30727257718343043
2546 0.3072153824382711
3456 0.307190028066706
504 0.30715700842001803
531 0.30715700842001803
3501 0.3070249298332571
3677 0.3070249298332571
546 0.30695063562820685
2063 0.3068439114130111
2084 0.3068439114130111
2307 0.3068439114130111
2521 0.3068439114130111
2575 0.3068439114130111
2212 0.3067200877379244
2539 0.3067200877379244
1939 0.3066788131795622
285 0.3066292837095367
2334 0.30659626406283774
2386 0.30659626406283774
2485 0.3063486167126644
609 0.30624896813604896
2086 0.3062247930375777
2115 0.3062247930375777
3797 0.30619943866601257
1997 0.30610096936249104
2109 0.30610096936249104
2469 0.30610096936249104
2646 0.30610096936249104
2216 0.3058533220123177
594 0.3056917615981577
213 0.30563869430884316
480 0.3056298497606154
2556 0.30560567466214433
3962 0.3055803202905792
1972 0.3055644001037821
634 0.3055473006438908
169 0.30551487063375643
2467 0.30548185098705766
2623 0.30548185098705766
3674 0.3054564966154925
3692 0.3054564966154925
2261 0.305358027311971
2165 0.3052342036368843
3525 0.30520884926531916
415 0.305175829618631
350 0.30517582961863077
676 0.30517582961863077
2171 0.3050691054034354
2077 0.30498655628671095
2484 0.30498655628671095
3540 0.3049612019151458
1973 0.3049452817283487
2116 0.3049452817283487
2364 0.3049452817283487
369 0.30488690771009536
1925 0.3048627326116242
1951 0.30482145805326205
2237 0.30473890893653754
2329 0.30473890893653754
2506 0.30473890893653754
3651 0.30471355456497246
1995 0.3046976343781754
1953 0.30461508526145087
2046 0.30461508526145087
425 0.30459798580155967
3721 0.30454845633152355
2300 0.3044912615863642
469 0.30435033845138626
3750 0.3043420835397124
3886 0.3043420835397124
2001 0.30432616335291535
3609 0.3041769853062635
339 0.30415281020780277
510 0.3041439656595752
421 0.3041026911012129
324 0.3040289865327161
3440 0.3039706125144524
2098 0.3038721432109308
2418 0.3038721432109308
3943 0.3038467888393657
2284 0.30383086865256864
2538 0.30383086865256864
2640 0.30383086865256864
508 0.3038137691926772
308 0.3037813391825427
426 0.303772494634315
2579 0.30374831953584414
2631 0.30374831953584414
457 0.3037312200759527
516 0.3037312200759527
442 0.3037312200759526
2018 0.30370704497748197
405 0.30368994551759043
2056 0.30362449586075746
518 0.30360739640086604
1998 0.3035832213023953
357 0.30348357272577925
554 0.30348357272577925
2024 0.3034593976273086
2306 0.3033768485105841
2477 0.3033768485105841
7 0.30328604448219587
2552 0.30325302483549743
3550 0.3031863959055701
2004 0.3030879266020486
2378 0.3030879266020486
2563 0.3030053774853241
3741 0.302980023113759
1991 0.3029641029269619
2447 0.3029641029269619
543 0.30290572890870804
569 0.30286445435034576
422 0.3028644543503406
2647 0.30284027925187523
103 0.30279074978184917
2489 0.3027577301351507
407 0.3026168070001724
528 0.30261680700017235
2459 0.3025926319017019
2583 0.3025926319017019
449 0.3025755324418101
3872 0.30256727753013674
246 0.3025431024316757
2060 0.3025100827849774
2532 0.3025100827849774
435 0.3024929833250856
459 0.3024929833250856
3561 0.3024847284134123
2009 0.3024688082266152
3592 0.30244345385505006
87 0.302419278756589
3556 0.3023609047383256
2027 0.30234498455152853
156 0.30229545508150235
150 0.3022123163282253
2213 0.30213861175971735
2574 0.30213861175971735
2225 0.3020973372013552
146 0.30204780773132894
217 0.30184084530296534
477 0.30175004127456545
1976 0.30172586617609515
2157 0.30172586617609515
2494 0.30172586617609515
64 0.30171702162787867
189 0.30171702162787867
541 0.30166749215784094
2636 0.30160204250100847
2660 0.30160204250100847
2210 0.30151949338428397
433 0.301502393924392
646 0.3014858841010304
496 0.3014198448076622
534 0.30133729569094303
120 0.30130486568080883
125 0.30130486568080883
1964 0.3012718460341106
2462 0.3012718460341106
2591 0.3012718460341106
2337 0.30123057147574844
2537 0.30114802235902394
667 0.30106901106158696
2179 0.30102419868393726
2478 0.3009003750088506
2499 0.3009003750088506
2554 0.3009003750088506
485 0.3008832755489584
2164 0.3007765513337639
2392 0.3007765513337639
2434 0.30065272765867723
2571 0.30061145310031506
2407 0.3004050803085039
1989 0.30015743295833053
493 0.3000371471025282
1963 0.30003360928324385
2353 0.30003360928324385
2429 0.30003360928324385
2313 0.2999097856081572
2161 0.2995383145828972
2635 0.29937321634944836
610 0.2990919597160218
2058 0.29879537253237715
2606 0.29867154885729047
2136 0.2985477251822038
590 0.2984315667822263
2055 0.2984239015071171
1970 0.29830007783203044
2391 0.29830007783203044
2232 0.29817625415694377
2235 0.2980524304818571
2396 0.2979286068067704
472 0.2978330856859749
2287 0.29780478313168374
2438 0.29780478313168374
2603 0.29780478313168374
2304 0.2975571357815104
2536 0.29718566475625036
2243 0.29669037005590365
2280 0.29669037005590365
2659 0.296566546380817
1980 0.2964427227057303
394 0.29642562324583277
1923 0.2963188990306436
1919 0.29619507535555695
1927 0.29619507535555695
1981 0.29619507535555695
2259 0.29619507535555695
2365 0.29619507535555695
2620 0.29619507535555695
2126 0.29607125168047027
2211 0.29607125168047027
2645 0.29607125168047027
2006 0.2958236043302969
2345 0.2958236043302969
2657 0.2958236043302969
367 0.2957445930328565
2226 0.29569978065521024
2311 0.29569978065521024
2610 0.29569978065521024
494 0.29557949479940754
1935 0.29557595698012357
2022 0.29557595698012357
2367 0.29557595698012357
2387 0.29557595698012357
2202 0.2954521333050369
2258 0.2954521333050369
2390 0.2954521333050369
2473 0.2954521333050369
2652 0.2954521333050369
2061 0.2953283096299502
2075 0.2953283096299502
2159 0.2953283096299502
2518 0.2953283096299502
2648 0.2953283096299502
1914 0.29520448595486354
557 0.2951254746574231
2222 0.29508066227977686
2322 0.29508066227977686
2449 0.29508066227977686
2479 0.29508066227977686
560 0.29504292554069866
487 0.29496037642397416
2361 0.2949568386046902
2576 0.2949568386046902
1960 0.29470919125451683
2092 0.29470919125451683
2110 0.29470919125451683
2145 0.29470919125451683
2057 0.29458536757943016
2147 0.2944615439043435
2192 0.2944615439043435
2221 0.2944615439043435
2415 0.2944615439043435
2627 0.2944615439043435
2633 0.2944615439043435
1921 0.2943377202292568
2011 0.2943377202292568
2242 0.2943377202292568
2585 0.2943377202292568
1931 0.29421389655417013
1942 0.29421389655417013
1957 0.29421389655417013
2488 0.29421389655417013
2097 0.29409007287908345
2129 0.29409007287908345
2297 0.29409007287908345
2049 0.2939662492039968
2107 0.2939662492039968
2236 0.2939662492039968
2318 0.2939662492039968
2416 0.2939662492039968
2639 0.2939662492039968
1975 0.2938424255289101
1987 0.2938424255289101
2209 0.2938424255289101
2231 0.2938424255289101
2317 0.2938424255289101
2346 0.2938424255289101
2366 0.2938424255289101
2371 0.2938424255289101
2379 0.2938424255289101
2406 0.2938424255289101
2425 0.2938424255289101
2476 0.2938424255289101
2658 0.2938424255289101
1968 0.2937186018538234
2274 0.2937186018538234
2397 0.2937186018538234
2525 0.2937186018538234
2637 0.2937186018538234
1958 0.29359477817873675
1999 0.29359477817873675
2029 0.29359477817873675
2091 0.29359477817873675
2296 0.29359477817873675
2335 0.29359477817873675
2440 0.29359477817873675
2626 0.29359477817873675
2000 0.29347095450365007
2067 0.29347095450365007
2448 0.29347095450365007
368 0.29335066864784737
2228 0.2933471308285634
2393 0.2933471308285634
2411 0.2933471308285634
2021 0.2932233071534767
2412 0.2932233071534767
2540 0.2932233071534767
2557 0.2932233071534767
2613 0.2932233071534767
446 0.2931030212976738
2025 0.29309948347839004
2035 0.29309948347839004
2085 0.29309948347839004
2173 0.29309948347839004
1944 0.29297565980330337
2234 0.29297565980330337
2272 0.29297565980330337
2303 0.29297565980330337
409 0.29293792306422506
80 0.2929137479657642
2342 0.2928518361282167
2350 0.2928518361282167
2432 0.2928518361282167
2612 0.2928518361282167
2628 0.2928518361282167
398 0.2927728248307762
2156 0.29272801245313
2214 0.29272801245313
2435 0.29272801245313
2480 0.29272801245313
2644 0.29272801245313
2341 0.29260418877804334
2474 0.29260418877804334
2566 0.29260418877804334
2023 0.29248036510295666
2044 0.29248036510295666
2362 0.29248036510295666
2427 0.29248036510295666
2497 0.29248036510295666
1988 0.29235654142787
2141 0.29235654142787
2146 0.29235654142787
2160 0.29235654142787
2286 0.29235654142787
2383 0.29235654142787
2581 0.29235654142787
1928 0.2922327177527833
2050 0.2922327177527833
2089 0.2922327177527833
2120 0.2922327177527833
2310 0.2922327177527833
2443 0.2922327177527833
2531 0.2922327177527833
2618 0.2922327177527833
555 0.2921124318969806
1936 0.29210889407769663
2197 0.29210889407769663
2207 0.29210889407769663
2208 0.29210889407769663
2558 0.29210889407769663
271 0.2920800018868478
2036 0.29198507040260996
2096 0.29198507040260996
2288 0.29198507040260996
2401 0.29198507040260996
2570 0.29198507040260996
2622 0.29198507040260996
1965 0.2918612467275233
1990 0.2918612467275233
2260 0.2918612467275233
2405 0.2918612467275233
2577 0.2918612467275233
639 0.29184414726762425
1982 0.2917374230524366
2019 0.2917374230524366
2249 0.2917374230524366
2314 0.2917374230524366
2400 0.2917374230524366
2572 0.2917374230524366
2587 0.2917374230524366
2641 0.2917374230524366
2016 0.29161359937734993
2082 0.29161359937734993
2152 0.29161359937734993
2170 0.29161359937734993
2186 0.29161359937734993
2248 0.29161359937734993
2349 0.29161359937734993
2426 0.29161359937734993
2486 0.29161359937734993
2534 0.29161359937734993
2650 0.29161359937734993
25 0.291584707186501
630 0.2915552253590896
364 0.29151395080072817
564 0.29151395080072817
1952 0.29148977570226325
2048 0.29148977570226325
2076 0.29148977570226325
2181 0.29148977570226325
2291 0.29148977570226325
2403 0.29148977570226325
2523 0.29148977570226325
2614 0.29148977570226325
26 0.2914608835114143
385 0.29145203896318433
535 0.29141076440482216
399 0.29139012712564144
441 0.29139012712564144
501 0.29139012712564144
2099 0.2913659520271766
2277 0.2913659520271766
2305 0.2913659520271766
2312 0.2913659520271766
2320 0.2913659520271766
2444 0.2913659520271766
2454 0.2913659520271766
2455 0.2913659520271766
2503 0.2913659520271766
2656 0.2913659520271766
393 0.29126630345055476
1922 0.2912421283520899
1978 0.2912421283520899
1992 0.2912421283520899
2012 0.2912421283520899
2114 0.2912421283520899
2119 0.2912421283520899
2162 0.2912421283520899
2270 0.2912421283520899
2402 0.2912421283520899
2490 0.2912421283520899
2513 0.2912421283520899
2584 0.2912421283520899
464 0.29118375433383037
476 0.2911424797754681
2193 0.2911183046770032
2205 0.2911183046770032
2262 0.2911183046770032
2453 0.2911183046770032
2522 0.2911183046770032
2562 0.2911183046770032
2599 0.2911183046770032
252 0.2910894124861543
277 0.2910894124861543
351 0.2910186561003814
1930 0.29099448100191655
2070 0.29099448100191655
2217 0.29099448100191655
2238 0.29099448100191655
2357 0.29099448100191655
2515 0.29099448100191655
2524 0.29099448100191655
678 0.2908948324252936
166 0.2908912946060149
1934 0.2908706573268299
1950 0.2908706573268299
2360 0.2908706573268299
2373 0.2908706573268299
2450 0.2908706573268299
163 0.2908087454892906
1915 0.2907468336517432
1933 0.2907468336517432
2105 0.2907468336517432
2130 0.2907468336517432
2177 0.2907468336517432
2265 0.2907468336517432
2424 0.2907468336517432
2466 0.2907468336517432
2535 0.2907468336517432
2568 0.2907468336517432
548 0.29070909691266483
355 0.2906265477959404
2014 0.2906230099766565
2113 0.2906230099766565
2158 0.2906230099766565
2252 0.2906230099766565
2255 0.2906230099766565
2301 0.2906230099766565
2316 0.2906230099766565
2439 0.2906230099766565
2452 0.2906230099766565
202 0.2905610981391172
481 0.2905439986792159
1977 0.29049918630156985
2013 0.29049918630156985
2051 0.29049918630156985
2066 0.29049918630156985
2080 0.29049918630156985
2166 0.29049918630156985
2251 0.29049918630156985
2281 0.29049918630156985
2487 0.29049918630156985
2514 0.29049918630156985
2545 0.29049918630156985
547 0.29042017500412926
1949 0.29037536262648317
1956 0.29037536262648317
2034 0.29037536262648317
2041 0.29037536262648317
2175 0.29037536262648317
2182 0.29037536262648317
2421 0.29037536262648317
2456 0.29037536262648317
2548 0.29037536262648317
239 0.2903464704356341
1961 0.2902515389513965
1974 0.2902515389513965
2008 0.2902515389513965
2017 0.2902515389513965
2094 0.2902515389513965
2227 0.2902515389513965
2245 0.2902515389513965
2256 0.2902515389513965
2263 0.2902515389513965
2321 0.2902515389513965
2528 0.2902515389513965
2632 0.2902515389513965
2651 0.2902515389513965
375 0.29017252765395546
1924 0.2901277152763098
2100 0.2901277152763098
2358 0.2901277152763098
2375 0.2901277152763098
2388 0.2901277152763098
2493 0.2901277152763098
2517 0.2901277152763098
2580 0.2901277152763098
2621 0.2901277152763098
9 0.29009882308546064
200 0.29009882308546064
203 0.29009882308546064
2015 0.29000389160122314
2167 0.29000389160122314
2219 0.29000389160122314
2230 0.29000389160122314
2422 0.29000389160122314
2431 0.29000389160122314
2437 0.29000389160122314
2505 0.29000389160122314
2634 0.29000389160122314
488 0.28992488030378244
1937 0.28988006792613646
1969 0.28988006792613646
1996 0.28988006792613646
2106 0.28988006792613646
2204 0.28988006792613646
2441 0.28988006792613646
2527 0.28988006792613646
2565 0.28988006792613646
396 0.28980105662869576
2168 0.2897562442510498
2178 0.2897562442510498
2380 0.2897562442510498
2442 0.2897562442510498
2481 0.2897562442510498
2483 0.2897562442510498
2595 0.2897562442510498
359 0.2896772329536091
2382 0.2896324205759631
2541 0.2896324205759631
352 0.2895534092785223
2079 0.28950859690087644
2195 0.28950859690087644
2269 0.28950859690087644
2457 0.28950859690087644
2470 0.28950859690087644
2569 0.28950859690087644
2596 0.28950859690087644
489 0.28942958560343574
671 0.2894089483242527
536 0.2893883110450733
98 0.2891082336847671
188 0.28898441000968045
199 0.2888605863345937
458 0.2888517417863645
170 0.28873676265950704
519 0.28864536899455334
272 0.2886129389844203
565 0.28856281987782884
40 0.28848911530933363
186 0.28848911530933363
462 0.28848027076110416
584 0.28845963348192166
142 0.28836529163424696
280 0.28836529163424696
332 0.28836529163424696
361 0.2883151725276555
474 0.2883151725276555
450 0.28827389796929326
539 0.28827389796929315
172 0.28811764428407355
113 0.2879938206089869
418 0.2879849760607577
440 0.2879849760607573
620 0.28796433878157546
354 0.28794370150239545
323 0.28786999693390014
325 0.28786999693390014
261 0.28774617325881346
521 0.28765477959385954
109 0.2876223495837268
236 0.2876223495837268
313 0.2876223495837268
403 0.2875722304771353
118 0.2874985259086401
291 0.2874985259086401
587 0.28738649496450397
592 0.28734522040614213
653 0.28734522040614197
445 0.287324583126962
410 0.28732458312696185
654 0.2873039458477799
82 0.28725087855846665
342 0.28725087855846665
413 0.2872007594518752
579 0.2870975730559687
490 0.2870356612184261
104 0.2870032312082933
495 0.28699438666006416
13 0.2868794075332066
53 0.2868794075332066
491 0.28687056298497715
502 0.28687056298497715
680 0.28684992570579526
644 0.2868499257057952
211 0.28675558385811994
329 0.28675558385811994
3861 0.28675086676573464
540 0.28674673930989025
372 0.28658164107644174
424 0.2865816410764417
551 0.2865816410764417
128 0.2865079365079465
141 0.2865079365079465
224 0.2865079365079465
334 0.2865079365079465
3454 0.2865032194155613
362 0.28645781740135506
486 0.2864578174013549
223 0.2863841128328598
265 0.2863841128328598
346 0.2863841128328598
509 0.2863339937262682
618 0.286313356447086
62 0.28626028915777313
185 0.28626028915777313
312 0.28626028915777313
390 0.28625144460954366
158 0.28613646548268645
161 0.28613646548268645
232 0.28613646548268645
297 0.28613646548268645
505 0.28608634637609476
41 0.2860126418075997
72 0.2860126418075997
242 0.2860126418075997
249 0.2860126418075997
3487 0.2860079247152146
381 0.2859625227010081
31 0.285888818132513
238 0.285888818132513
380 0.28583869902592135
48 0.2857649944574263
94 0.2857649944574263
204 0.2857649944574263
3723 0.2857602773650412
666 0.28565296351329034
593 0.2856529635132902
92 0.28564117078233964
115 0.28564117078233964
231 0.28564117078233964
248 0.28564117078233964
303 0.28564117078233964
320 0.28564117078233964
3961 0.28563645368995455
586 0.2855291398382035
88 0.28551734710725296
148 0.28551734710725296
180 0.28551734710725296
299 0.28551734710725296
302 0.28551734710725296
331 0.28551734710725296
619 0.2854878652798414
679 0.2854878652798408
59 0.28539352343216623
101 0.28539352343216623
134 0.28539352343216623
194 0.28539352343216623
326 0.28539352343216623
617 0.2853640416047547
636 0.2853640416047547
652 0.2853640416047546
673 0.2853640416047546
470 0.2853434043255746
123 0.28526969975707955
133 0.28526969975707955
184 0.28526969975707955
212 0.28526969975707955
257 0.28526969975707955
266 0.28526969975707955
276 0.28526969975707955
343 0.28526969975707955
382 0.2852195806504879
573 0.2851989433713057
574 0.2851989433713055
1 0.2851458760819928
3 0.2851458760819928
23 0.2851458760819928
30 0.2851458760819928
55 0.2851458760819928
116 0.2851458760819928
175 0.2851458760819928
214 0.2851458760819928
254 0.2851458760819928
656 0.28507511969621857
677 0.2850338451378566
19 0.28502205240690615
24 0.28502205240690615
127 0.28502205240690615
130 0.28502205240690615
132 0.28502205240690615
137 0.28502205240690615
187 0.28502205240690615
197 0.28502205240690615
281 0.28502205240690615
284 0.28502205240690615
330 0.28502205240690615
345 0.28502205240690615
597 0.28499257057949456
478 0.2849306587419522
589 0.28491002146276984
14 0.28489822873181947
20 0.28489822873181947
39 0.28489822873181947
57 0.28489822873181947
66 0.28489822873181947
144 0.28489822873181947
227 0.28489822873181947
258 0.28489822873181947
529 0.28488938418359
568 0.2848481096252278
365 0.2848481096252277
75 0.2847744050567328
85 0.2847744050567328
105 0.2847744050567328
111 0.2847744050567328
149 0.2847744050567328
159 0.2847744050567328
176 0.2847744050567328
226 0.2847744050567328
251 0.2847744050567328
274 0.2847744050567328
290 0.2847744050567328
522 0.28472428595014104
498 0.284724285950141
616 0.2846623741125965
5 0.28465058138164606
17 0.28465058138164606
28 0.28465058138164606
29 0.28465058138164606
84 0.28465058138164606
99 0.28465058138164606
108 0.28465058138164606
178 0.28465058138164606
196 0.28465058138164606
310 0.28465058138164606
314 0.28465058138164606
429 0.2846004622750543
437 0.2846004622750543
532 0.2846004622750543
635 0.28457982499587214
45 0.2845267577065594
65 0.2845267577065594
79 0.2845267577065594
121 0.2845267577065594
143 0.2845267577065594
341 0.2845267577065594
533 0.28451791315832986
466 0.28447663859996764
663 0.2844560013207853
22 0.28440293403147265
36 0.28440293403147265
50 0.28440293403147265
140 0.28440293403147265
165 0.28440293403147265
168 0.28440293403147265
177 0.28440293403147265
222 0.28440293403147265
268 0.28440293403147265
298 0.28440293403147265
318 0.28440293403147265
685 0.28437345220406096
583 0.28433217764569874
2 0.284279110356386
4 0.284279110356386
10 0.284279110356386
69 0.284279110356386
73 0.284279110356386
135 0.284279110356386
181 0.284279110356386
225 0.284279110356386
275 0.284279110356386
278 0.284279110356386
295 0.284279110356386
309 0.284279110356386
578 0.28420835397061195
600 0.28420835397061195
615 0.28420835397061195
627 0.28420835397061195
643 0.28420835397061195
658 0.28420835397061195
659 0.28420835397061195
661 0.28420835397061195
662 0.28420835397061195
16 0.2841552866812993
38 0.2841552866812993
68 0.2841552866812993
78 0.2841552866812993
96 0.2841552866812993
100 0.2841552866812993
139 0.2841552866812993
195 0.2841552866812993
218 0.2841552866812993
230 0.2841552866812993
273 0.2841552866812993
306 0.2841552866812993
328 0.2841552866812993
337 0.2841552866812993
344 0.2841552866812993
371 0.2841464421330697
349 0.2841051675747075
599 0.2840845302955253
640 0.2840845302955253
670 0.2840845302955253
675 0.2840845302955253
681 0.2840845302955253
655 0.28408453029552516
8 0.2840314630062126
54 0.2840314630062126
60 0.2840314630062126
89 0.2840314630062126
91 0.2840314630062126
93 0.2840314630062126
106 0.2840314630062126
162 0.2840314630062126
221 0.2840314630062126
243 0.2840314630062126
259 0.2840314630062126
260 0.2840314630062126
319 0.2840314630062126
333 0.2840314630062126
453 0.28398134389962076
562 0.28398134389962076
577 0.28396070662043854
632 0.28396070662043854
650 0.28396070662043854
51 0.2839076393311259
83 0.2839076393311259
126 0.2839076393311259
129 0.2839076393311259
131 0.2839076393311259
151 0.2839076393311259
167 0.2839076393311259
208 0.2839076393311259
237 0.2839076393311259
263 0.2839076393311259
296 0.2839076393311259
300 0.2839076393311259
311 0.2839076393311259
317 0.2839076393311259
338 0.2839076393311259
347 0.2839076393311259
682 0.28387815750371415
384 0.28385752022453403
406 0.28385752022453403
467 0.28385752022453403
530 0.28385752022453403
552 0.28385752022453403
572 0.28385752022453403
582 0.2838368829453518
625 0.2838368829453518
6 0.2837838156560392
32 0.2837838156560392
44 0.2837838156560392
63 0.2837838156560392
77 0.2837838156560392
86 0.2837838156560392
95 0.2837838156560392
102 0.2837838156560392
117 0.2837838156560392
147 0.2837838156560392
219 0.2837838156560392
229 0.2837838156560392
340 0.2837838156560392
356 0.28373369654944736
383 0.28373369654944736
386 0.28373369654944736
411 0.28373369654944736
448 0.28373369654944736
454 0.28373369654944736
499 0.28373369654944736
571 0.28373369654944736
684 0.28371305927026513
27 0.2836599919809525
46 0.2836599919809525
110 0.2836599919809525
152 0.2836599919809525
192 0.2836599919809525
193 0.2836599919809525
235 0.2836599919809525
245 0.2836599919809525
250 0.2836599919809525
264 0.2836599919809525
283 0.2836599919809525
631 0.2836305101535407
377 0.2836098728743606
379 0.2836098728743606
401 0.2836098728743606
443 0.2836098728743606
468 0.2836098728743606
595 0.28358923559517846
647 0.28358923559517846
49 0.2835361683058658
124 0.2835361683058658
174 0.2835361683058658
190 0.2835361683058658
201 0.2835361683058658
206 0.2835361683058658
220 0.2835361683058658
262 0.2835361683058658
270 0.2835361683058658
288 0.2835361683058658
289 0.2835361683058658
307 0.2835361683058658
327 0.2835361683058658
358 0.2834860491992739
447 0.2834860491992739
550 0.2834860491992739
603 0.28346541192009167
605 0.28346541192009167
665 0.28346541192009167
61 0.2834123446307791
71 0.2834123446307791
76 0.2834123446307791
81 0.2834123446307791
97 0.2834123446307791
112 0.2834123446307791
155 0.2834123446307791
157 0.2834123446307791
164 0.2834123446307791
179 0.2834123446307791
182 0.2834123446307791
191 0.2834123446307791
207 0.2834123446307791
228 0.2834123446307791
240 0.2834123446307791
247 0.2834123446307791
253 0.2834123446307791
293 0.2834123446307791
294 0.2834123446307791
301 0.2834123446307791
321 0.2834123446307791
336 0.2834123446307791
623 0.283341588245005
664 0.283341588245005
33 0.2832885209556924
35 0.2832885209556924
42 0.2832885209556924
47 0.2832885209556924
52 0.2832885209556924
70 0.2832885209556924
90 0.2832885209556924
138 0.2832885209556924
145 0.2832885209556924
153 0.2832885209556924
154 0.2832885209556924
160 0.2832885209556924
183 0.2832885209556924
205 0.2832885209556924
216 0.2832885209556924
233 0.2832885209556924
234 0.2832885209556924
241 0.2832885209556924
244 0.2832885209556924
255 0.2832885209556924
256 0.2832885209556924
267 0.2832885209556924
279 0.2832885209556924
282 0.2832885209556924
286 0.2832885209556924
305 0.2832885209556924
316 0.2832885209556924
598 0.2832177645699183
611 0.2832177645699183
11 0.28316469728060567
12 0.28316469728060567
15 0.28316469728060567
18 0.28316469728060567
37 0.28316469728060567
43 0.28316469728060567
74 0.28316469728060567
114 0.28316469728060567
209 0.28316469728060567
210 0.28316469728060567
215 0.28316469728060567
287 0.28316469728060567
292 0.28316469728060567
335 0.28316469728060567
657 0.2831352154531938
612 0.2830939408948316
633 0.2830939408948316
576 0.28297011721974485
588 0.28297011721974485
626 0.28297011721974485
622 0.2828462935446582
575 0.28272246986957145
628 0.28272246986957145
672 0.2822271751692246
621 0.2821033514941379
660 0.28160805679379103
581 0.2814842331187043
642 0.2814842331187043
648 0.2814842331187043
585 0.2813604094436176
602 0.2813604094436176
607 0.2813604094436176
608 0.2813604094436176
613 0.2813604094436176
624 0.2813604094436176
638 0.2813604094436176
668 0.2813604094436176
674 0.2813604094436176
857 0.27952781905234503
3596 0.27344807660559606
3545 0.27307660558033603
3938 0.27307660558033603
3604 0.27220983985472924
3838 0.2703524847284291
3521 0.26998101370316907
3611 0.2698571900280824
3824 0.26899042430247566
3584 0.268866600627389
3734 0.268866600627389
3793 0.268866600627389
3800 0.268866600627389
3804 0.268866600627389
3506 0.2687427769523023
3448 0.26861895327721563
3488 0.26861895327721563
3593 0.26861895327721563
3672 0.26861895327721563
3930 0.26861895327721563
3966 0.26861895327721563
3971 0.26861895327721563
3968 0.26849512960212896
3586 0.2683713059270424
3442 0.2683713059270423
3449 0.2683713059270423
3790 0.2683713059270423
3758 0.2682474822519556
3906 0.2682474822519556
3680 0.26812365857686893
3926 0.26812365857686893
3576 0.26799983490178225
3640 0.26799983490178225
3902 0.26799983490178225
3514 0.2678760112266956
3842 0.2678760112266956
3924 0.2678760112266956
3731 0.2677521875516089
3605 0.2676283638765222
3737 0.2676283638765222
3455 0.26750454020143555
3558 0.26750454020143555
3702 0.26750454020143555
3705 0.26750454020143555
3873 0.26750454020143555
3625 0.26738071652634887
3629 0.26738071652634887
3829 0.26738071652634887
3860 0.26738071652634887
3528 0.2672568928512622
3529 0.2671330691761755
3568 0.2671330691761755
3794 0.2671330691761755
3810 0.2671330691761755
3951 0.2671330691761755
3884 0.26700924550108884
3900 0.26700924550108884
3945 0.26700924550108884
3518 0.26688542182600217
3542 0.26688542182600217
3553 0.26688542182600217
3599 0.26688542182600217
3617 0.26688542182600217
3687 0.26688542182600217
3722 0.26688542182600217
3841 0.26688542182600217
3475 0.2667615981509155
3782 0.2667615981509155
3826 0.2667615981509155
3833 0.2667615981509155
3858 0.2667615981509155
3869 0.2667615981509155
3947 0.2667615981509155
3464 0.2666377744758288
3557 0.2666377744758288
3918 0.2666377744758288
3486 0.26651395080074214
3526 0.26651395080074214
3738 0.26651395080074214
3822 0.26651395080074214
3921 0.26651395080074214
3468 0.26639012712565546
3693 0.26639012712565546
3711 0.26639012712565546
3764 0.26639012712565546
3460 0.2662663034505688
3469 0.2662663034505688
3728 0.2662663034505688
3730 0.2662663034505688
3828 0.2662663034505688
3559 0.2661424797754821
3590 0.2661424797754821
3635 0.2661424797754821
3718 0.2661424797754821
3740 0.2661424797754821
3825 0.2661424797754821
3466 0.26601865610039543
3569 0.26601865610039543
3690 0.26601865610039543
3710 0.26601865610039543
3713 0.26601865610039543
3714 0.26601865610039543
3821 0.26601865610039543
3835 0.26601865610039543
3867 0.26601865610039543
3870 0.26601865610039543
3907 0.26601865610039543
3471 0.26589483242530876
3480 0.26589483242530876
3505 0.26589483242530876
3636 0.26589483242530876
3706 0.26589483242530876
3753 0.26589483242530876
3831 0.26589483242530876
3969 0.26589483242530876
3438 0.2657710087502221
3463 0.2657710087502221
3497 0.2657710087502221
3508 0.2657710087502221
3578 0.2657710087502221
3643 0.2657710087502221
3707 0.2657710087502221
3891 0.2657710087502221
3927 0.2657710087502221
3956 0.2657710087502221
3491 0.2656471850751354
3527 0.2656471850751354
3534 0.2656471850751354
3628 0.2656471850751354
3642 0.2656471850751354
3667 0.2656471850751354
3719 0.2656471850751354
3768 0.2656471850751354
3443 0.26552336140004873
3509 0.26552336140004873
3511 0.26552336140004873
3573 0.26552336140004873
3634 0.26552336140004873
3656 0.26552336140004873
3670 0.26552336140004873
3747 0.26552336140004873
3836 0.26552336140004873
3852 0.26552336140004873
3909 0.26552336140004873
3915 0.26552336140004873
3931 0.26552336140004873
3933 0.26552336140004873
3499 0.26539953772496205
3554 0.26539953772496205
3601 0.26539953772496205
3648 0.26539953772496205
3697 0.26539953772496205
3761 0.26539953772496205
3786 0.26539953772496205
3791 0.26539953772496205
3803 0.26539953772496205
3896 0.26539953772496205
3458 0.2652757140498754
3462 0.2652757140498754
3500 0.2652757140498754
3510 0.2652757140498754
3538 0.2652757140498754
3555 0.2652757140498754
3615 0.2652757140498754
3618 0.2652757140498754
3845 0.2652757140498754
3850 0.2652757140498754
3779 0.2652344394915132
3485 0.2651518903747887
3493 0.2651518903747887
3496 0.2651518903747887
3535 0.2651518903747887
3591 0.2651518903747887
3608 0.2651518903747887
3612 0.2651518903747887
3623 0.2651518903747887
3627 0.2651518903747887
3725 0.2651518903747887
3743 0.2651518903747887
3752 0.2651518903747887
3759 0.2651518903747887
3776 0.2651518903747887
3785 0.2651518903747887
3862 0.2651518903747887
3866 0.2651518903747887
3450 0.265028066699702
3474 0.265028066699702
3498 0.265028066699702
3645 0.265028066699702
3698 0.265028066699702
3774 0.265028066699702
3868 0.265028066699702
3881 0.265028066699702
3903 0.265028066699702
3913 0.265028066699702
3957 0.265028066699702
3972 0.265028066699702
3517 0.26498679214133986
3473 0.26490424302461535
3478 0.26490424302461535
3519 0.26490424302461535
3563 0.26490424302461535
3564 0.26490424302461535
3571 0.26490424302461535
3587 0.26490424302461535
3602 0.26490424302461535
3646 0.26490424302461535
3662 0.26490424302461535
3683 0.26490424302461535
3757 0.26490424302461535
3760 0.26490424302461535
3762 0.26490424302461535
3837 0.26490424302461535
3960 0.26490424302461535
3452 0.2647804193495287
3465 0.2647804193495287
3470 0.2647804193495287
3524 0.2647804193495287
3546 0.2647804193495287
3579 0.2647804193495287
3620 0.2647804193495287
3658 0.2647804193495287
3735 0.2647804193495287
3780 0.2647804193495287
3802 0.2647804193495287
3809 0.2647804193495287
3898 0.2647804193495287
3920 0.2647804193495287
3950 0.2647804193495287
3967 0.2647804193495287
3459 0.264656595674442
3472 0.264656595674442
3476 0.264656595674442
3479 0.264656595674442
3484 0.264656595674442
3490 0.264656595674442
3532 0.264656595674442
3533 0.264656595674442
3549 0.264656595674442
3562 0.264656595674442
3574 0.264656595674442
3610 0.264656595674442
3613 0.264656595674442
3649 0.264656595674442
3655 0.264656595674442
3685 0.264656595674442
3695 0.264656595674442
3696 0.264656595674442
3701 0.264656595674442
3703 0.264656595674442
3708 0.264656595674442
3726 0.264656595674442
3739 0.264656595674442
3792 0.264656595674442
3815 0.264656595674442
3855 0.264656595674442
3883 0.264656595674442
3889 0.264656595674442
3912 0.264656595674442
3917 0.264656595674442
3929 0.264656595674442
3964 0.264656595674442
3975 0.264656595674442
3976 0.264656595674442
3481 0.2645327719993553
3516 0.2645327719993553
3523 0.2645327719993553
3567 0.2645327719993553
3595 0.2645327719993553
3624 0.2645327719993553
3663 0.2645327719993553
3675 0.2645327719993553
3715 0.2645327719993553
3773 0.2645327719993553
3799 0.2645327719993553
3818 0.2645327719993553
3823 0.2645327719993553
3874 0.2645327719993553
3937 0.2645327719993553
3482 0.26440894832426864
3483 0.26440894832426864
3503 0.26440894832426864
3512 0.26440894832426864
3547 0.26440894832426864
3630 0.26440894832426864
3644 0.26440894832426864
3657 0.26440894832426864
3679 0.26440894832426864
3769 0.26440894832426864
3778 0.26440894832426864
3783 0.26440894832426864
3819 0.26440894832426864
3847 0.26440894832426864
3892 0.26440894832426864
3895 0.26440894832426864
3944 0.26440894832426864
3621 0.2642851246491821
3541 0.26428512464918197
3581 0.26428512464918197
3594 0.26428512464918197
3616 0.26428512464918197
3622 0.26428512464918197
3639 0.26428512464918197
3654 0.26428512464918197
3736 0.26428512464918197
3763 0.26428512464918197
3784 0.26428512464918197
3788 0.26428512464918197
3817 0.26428512464918197
3832 0.26428512464918197
3840 0.26428512464918197
3919 0.26428512464918197
3949 0.26428512464918197
3979 0.26428512464918197
3446 0.2641613009740953
3515 0.2641613009740953
3536 0.2641613009740953
3598 0.2641613009740953
3638 0.2641613009740953
3668 0.2641613009740953
3796 0.2641613009740953
3857 0.2641613009740953
3863 0.2641613009740953
3940 0.2641613009740953
3520 0.2640374772990086
3539 0.2640374772990086
3543 0.2640374772990086
3583 0.2640374772990086
3614 0.2640374772990086
3631 0.2640374772990086
3641 0.2640374772990086
3659 0.2640374772990086
3664 0.2640374772990086
3681 0.2640374772990086
3720 0.2640374772990086
3766 0.2640374772990086
3767 0.2640374772990086
3770 0.2640374772990086
3777 0.2640374772990086
3878 0.2640374772990086
3880 0.2640374772990086
3888 0.2640374772990086
3934 0.2640374772990086
3626 0.26391365362392205
3439 0.26391365362392194
3492 0.26391365362392194
3507 0.26391365362392194
3522 0.26391365362392194
3531 0.26391365362392194
3551 0.26391365362392194
3566 0.26391365362392194
3580 0.26391365362392194
3603 0.26391365362392194
3666 0.26391365362392194
3671 0.26391365362392194
3682 0.26391365362392194
3775 0.26391365362392194
3876 0.26391365362392194
3894 0.26391365362392194
3958 0.26391365362392194
3461 0.26378982994883526
3502 0.26378982994883526
3504 0.26378982994883526
3530 0.26378982994883526
3548 0.26378982994883526
3572 0.26378982994883526
3585 0.26378982994883526
3607 0.26378982994883526
3647 0.26378982994883526
3712 0.26378982994883526
3754 0.26378982994883526
3755 0.26378982994883526
3772 0.26378982994883526
3789 0.26378982994883526
3814 0.26378982994883526
3827 0.26378982994883526
3843 0.26378982994883526
3871 0.26378982994883526
3901 0.26378982994883526
3905 0.26378982994883526
3914 0.26378982994883526
3932 0.26378982994883526
3973 0.26378982994883526
3445 0.2636660062737486
3552 0.2636660062737486
3600 0.2636660062737486
3652 0.2636660062737486
3669 0.2636660062737486
3700 0.2636660062737486
3716 0.2636660062737486
3771 0.2636660062737486
3812 0.2636660062737486
3813 0.2636660062737486
3834 0.2636660062737486
3864 0.2636660062737486
3899 0.2636660062737486
3904 0.2636660062737486
3908 0.2636660062737486
3911 0.2636660062737486
3916 0.2636660062737486
3923 0.2636660062737486
3941 0.2636660062737486
3441 0.2635421825986619
3447 0.2635421825986619
3457 0.2635421825986619
3477 0.2635421825986619
3513 0.2635421825986619
3632 0.2635421825986619
3660 0.2635421825986619
3661 0.2635421825986619
3665 0.2635421825986619
3724 0.2635421825986619
3727 0.2635421825986619
3745 0.2635421825986619
3749 0.2635421825986619
3751 0.2635421825986619
3806 0.2635421825986619
3848 0.2635421825986619
3859 0.2635421825986619
3893 0.2635421825986619
3936 0.2635421825986619
3963 0.2635421825986619
3970 0.2635421825986619
3977 0.2635421825986619
3444 0.26341835892357524
3489 0.26341835892357524
3544 0.26341835892357524
3606 0.26341835892357524
3637 0.26341835892357524
3676 0.26341835892357524
3678 0.26341835892357524
3694 0.26341835892357524
3742 0.26341835892357524
3787 0.26341835892357524
3795 0.26341835892357524
3805 0.26341835892357524
3839 0.26341835892357524
3844 0.26341835892357524
3849 0.26341835892357524
3887 0.26341835892357524
3890 0.26341835892357524
3925 0.26341835892357524
3494 0.26329453524848856
3537 0.26329453524848856
3565 0.26329453524848856
3588 0.26329453524848856
3619 0.26329453524848856
3653 0.26329453524848856
3673 0.26329453524848856
3686 0.26329453524848856
3765 0.26329453524848856
3781 0.26329453524848856
3865 0.26329453524848856
3882 0.26329453524848856
3897 0.26329453524848856
3910 0.26329453524848856
3939 0.26329453524848856
3946 0.26329453524848856
3952 0.26329453524848856
3953 0.26329453524848856
3954 0.26329453524848856
3965 0.26329453524848856
3978 0.26329453524848856
3467 0.2631707115734019
3560 0.2631707115734019
3575 0.2631707115734019
3582 0.2631707115734019
3597 0.2631707115734019
3689 0.2631707115734019
3691 0.2631707115734019
3699 0.2631707115734019
3717 0.2631707115734019
3733 0.2631707115734019
3744 0.2631707115734019
3801 0.2631707115734019
3811 0.2631707115734019
3816 0.2631707115734019
3928 0.2631707115734019
3955 0.2631707115734019
3589 0.2630468878983152
3688 0.2630468878983152
3704 0.2630468878983152
3732 0.2630468878983152
3746 0.2630468878983152
3807 0.2630468878983152
3808 0.2630468878983152
3846 0.2630468878983152
3854 0.2630468878983152
3875 0.2630468878983152
3879 0.2630468878983152
3885 0.2630468878983152
3922 0.2630468878983152
3942 0.2630468878983152
3959 0.2630468878983152
3451 0.26292306422322853
3453 0.26292306422322853
3570 0.26292306422322853
3650 0.26292306422322853
3709 0.26292306422322853
3729 0.26292306422322853
3748 0.26292306422322853
3798 0.26292306422322853
3820 0.26292306422322853
3853 0.26292306422322853
3856 0.26292306422322853
3935 0.26292306422322853
3974 0.26292306422322853
686 0.25580084435953265
865 0.2472693931460675
868 0.2472693931460675
828 0.2445328899266469
713 0.24354230052595383
805 0.2429231821505207
719 0.24267553480034743
745 0.24180876907474097
747 0.24180876907474097
823 0.24168494539965435
830 0.2415611217245677
697 0.2411896506993078
3980 0.2410770301186495
703 0.24007523762352811
856 0.23957994292318158
774 0.2393322955730083
800 0.2393322955730083
819 0.2393322955730083
810 0.23871317719757512
708 0.23834170617231523
840 0.23809405882214196
803 0.2372272930965355
772 0.23697964574636224
804 0.23673199839618897
769 0.23660817472110235
729 0.23636052737092908
753 0.23636052737092908
776 0.23586523267058254
811 0.23586523267058254
798 0.23561758532040925
825 0.23549376164532262
4031 0.23513349371448902
3989 0.23451437533905564
4011 0.2342667279888823
880 0.23330621005212557
890 0.23132503125073953
869 0.23103610934220403
889 0.23095356022547966
863 0.2307059128753064
876 0.2307059128753064
861 0.23058208920021978
878 0.23058208920021978
888 0.23045826552513315
882 0.2303344418500465
871 0.23000424538314887
885 0.23000424538314884
886 0.23000424538314884
867 0.22988042170806222
864 0.22983914714969997
870 0.22975659803297557
872 0.22975659803297557
874 0.22975659803297557
881 0.22975659803297557
893 0.22971532347461335
873 0.22963277435788895
879 0.22963277435788895
887 0.22963277435788895
895 0.22963277435788895
858 0.2295089506828023
866 0.2295089506828023
877 0.22938512700771568
884 0.22938512700771568
894 0.22938512700771568
859 0.22913747965754241
875 0.22901365598245577
883 0.22901365598245577
891 0.22901365598245577
892 0.22901365598245577
705 0.2025180428783865
824 0.20119725701079558
694 0.20070196231044898
781 0.20045431496027552
688 0.19995902025992857
724 0.19983519658484186
827 0.1995875492346684
853 0.19942245100121941
834 0.19929862732613268
815 0.19921607820940818
695 0.19905097997595922
728 0.1990509799759592
784 0.1989271563008725
820 0.19872078350906128
752 0.19867950895069902
842 0.1985556852756123
726 0.19843186160052556
773 0.19843186160052556
766 0.19830803792543886
780 0.19818421425035213
829 0.19814293969198987
849 0.19806039057526537
696 0.19785401778345416
687 0.19785401778345413
760 0.19773019410836742
754 0.1976889195500052
718 0.19764764499164295
739 0.19756509587491847
787 0.19752382131655621
764 0.19739999764146948
770 0.19727617396638275
847 0.19727617396638275
731 0.1972348994080205
797 0.1972348994080205
814 0.1972348994080205
727 0.19719362484965827
738 0.19706980117457154
838 0.19706980117457149
817 0.19690470294112256
807 0.19682215382439802
734 0.19678087926603582
792 0.19678087926603582
845 0.19678087926603582
701 0.19661578103258684
848 0.1965745064742246
835 0.19645068279913785
711 0.19640940824077563
758 0.19640940824077563
793 0.19640940824077563
748 0.19632685912405112
755 0.19632685912405112
720 0.1962030354489644
706 0.1961617608906022
777 0.1961617608906022
779 0.1961617608906022
783 0.1961617608906022
809 0.1961617608906022
795 0.19612048633223994
765 0.1961204863322399
709 0.19607921177387766
741 0.1960379372155154
763 0.19599666265715318
818 0.19595538809879093
737 0.1959141135404287
778 0.1959141135404287
730 0.19587283898206645
782 0.1958315644237042
831 0.19579028986534194
771 0.19574901530697972
806 0.19574901530697972
822 0.19574901530697972
833 0.19574901530697972
839 0.19574901530697972
693 0.19570774074861746
844 0.19570774074861746
714 0.19562519163189301
722 0.19562519163189301
732 0.19562519163189301
736 0.19562519163189301
768 0.19562519163189301
794 0.19562519163189301
843 0.19558391707353073
762 0.19554264251516848
837 0.19554264251516848
712 0.19550136795680625
789 0.19550136795680625
716 0.19541881884008178
723 0.19541881884008178
751 0.19541881884008178
742 0.19537754428171955
799 0.19537754428171955
836 0.19537754428171955
826 0.19529499516499502
715 0.1951711714899083
756 0.1951711714899083
759 0.1951711714899083
707 0.19512989693154606
813 0.19512989693154606
850 0.19512989693154606
690 0.19500607325645933
746 0.19500607325645933
786 0.19500607325645933
808 0.19500607325645933
816 0.19500607325645933
821 0.19500607325645933
735 0.1950060732564593
710 0.19492352413973485
761 0.19492352413973485
812 0.19492352413973485
689 0.1948822495813726
702 0.1948822495813726
725 0.1948822495813726
733 0.1948822495813726
740 0.1948822495813726
767 0.1948822495813726
700 0.19475842590628586
791 0.19475842590628586
796 0.19475842590628586
846 0.1946758767895614
691 0.19463460223119913
721 0.19455205311447465
704 0.1945107785561124
802 0.1945107785561124
832 0.19442822943938795
851 0.19442822943938795
717 0.1943869548810257
757 0.1943869548810257
788 0.1943869548810257
790 0.1943869548810257
852 0.1943869548810257
855 0.1943869548810257
743 0.19426313120593894
785 0.19426313120593894
854 0.19426313120593894
699 0.19413930753085223
744 0.19413930753085223
749 0.19413930753085223
750 0.19413930753085223
775 0.19413930753085223
841 0.19413930753085223
692 0.1940154838557655
801 0.1940154838557655
4030 0.19293615415456253
4023 0.19281233047947585
3982 0.19231703577912915
3998 0.19231703577912915
4014 0.1920693884289558
3994 0.19194556475386912
3997 0.19194556475386912
4021 0.19194556475386912
4004 0.19182174107878244
4009 0.19182174107878244
3986 0.19169791740369577
3995 0.19169791740369577
4000 0.19169791740369577
4017 0.19169791740369577
4026 0.19169791740369577
4038 0.19169791740369577
3981 0.1915740937286091
4019 0.1915740937286091
4020 0.1915740937286091
3988 0.19145027005352241
4002 0.19145027005352241
4018 0.19145027005352241
4027 0.19145027005352241
3985 0.19132644637843574
3993 0.19132644637843574
4013 0.19132644637843574
4003 0.19120262270334906
3990 0.19107879902826239
3996 0.19107879902826239
3999 0.19107879902826239
4007 0.19107879902826239
4016 0.19107879902826239
4025 0.19107879902826239
4037 0.19107879902826239
3991 0.1909549753531757
3992 0.1909549753531757
4005 0.1909549753531757
4033 0.1909549753531757
3983 0.19083115167808903
3987 0.19083115167808903
4001 0.19083115167808903
4006 0.19083115167808903
4012 0.19083115167808903
4028 0.19083115167808903
4029 0.19083115167808903
4032 0.19083115167808903
4034 0.19083115167808903
4036 0.19083115167808903
3984 0.19070732800300236
4008 0.19070732800300236
4010 0.19070732800300236
4015 0.19070732800300236
4022 0.19070732800300236
4024 0.19070732800300236
4035 0.19070732800300236
